% # columns="iteration, evaluation, void, void, void, xmean", seed=651053, Thu Jun 15 14:48:12 2017 # scaling_of_variables: 1, typical_x: 0
0 0 0 0.0 nan 0.502477239264 0.495907897124 0.510262725714 0.498641217711 0.50999885926 0.497791207207 0.507793368996 0.503948620143 0.498079569869 0.497598625463 0.498580357435 0.494861591218 0.503655497556 0.496958087695
1 11 0 0.0 nan 0.473976792741 0.606526913004 0.600568267253 0.399782205162 0.410881342915 0.46577915049 0.648643833794 0.450953116317 0.407502158401 0.50749732904 0.498902621536 0.458980175382 0.700420404246 0.370076302812
2 22 0 0.0 nan 0.611771378092 0.510763389373 0.80724121135 0.250800170705 0.341067987934 0.539050266876 0.652247175216 0.431510645691 0.363624978005 0.627295946729 0.234279446872 0.219528523784 0.471594068531 0.180765806146
3 33 0 0.0 nan 0.491172230811 0.469788905887 0.700043771477 0.168684169291 0.413030759532 0.488401191546 0.62371931812 0.446509552836 0.355229597836 0.55176028815 0.263841086607 0.159384900704 0.494344570419 0.266367567606
4 44 0 0.0 nan 0.691099720662 0.559414894574 0.765375316717 0.228113206006 0.448281426727 0.441275943207 0.720049766812 0.518553275299 0.518042835665 0.41629384431 0.330201844104 0.219093886624 0.401260303816 0.228444248025
5 55 0 0.0 nan 0.695691840087 0.422013880297 0.745802217689 0.21478752838 0.445218839614 0.392588713906 0.595366261689 0.549372553039 0.51991518698 0.417465552815 0.545865599251 0.211249294321 0.181163339416 0.203220582501
6 66 0 0.0 nan 0.757541945173 0.371088678411 0.794264292187 0.178021447761 0.38980707609 0.523430030088 0.771871506774 0.50117776413 0.632133220548 0.405793188745 0.45364136169 0.147497976385 0.14044053561 0.16995424043
7 77 0 0.0 nan 0.602961260467 0.311367247725 0.824066591355 0.251657077805 0.32508678982 0.541180340586 0.552080897348 0.566989618148 0.865686917574 0.362289993977 0.435965706895 0.104809470609 0.194088344025 0.0871694377997
8 88 0 0.0 nan 0.668281303723 0.335691114556 0.804737817491 0.456853742536 0.302927450203 0.556356264817 0.554481793847 0.607914190457 0.976676919519 0.398170436131 0.275843906719 0.14013611543 0.345042686133 0.160171382317
9 99 0 0.0 nan 0.575733308918 0.445495389384 0.995834429034 0.424026891067 0.0756961124895 0.640806382063 0.554108536677 0.397849232345 0.992359995102 0.610017638416 0.117866582671 -0.0785038815376 0.329852876341 0.172008584389
10 110 0 0.0 nan 0.698188668853 0.474211717443 0.995972460978 0.595502914711 0.136955688687 0.669706943741 0.327030014845 0.389814585919 0.923272263347 0.652939854549 0.0745083182517 -0.0380152622588 0.287387196406 0.184185830717
11 121 0 0.0 nan 0.687246577585 0.593286775225 0.932149751213 0.431526525182 0.160685228021 0.599950427432 0.434205450333 0.493990550778 1.06039626383 0.644098433023 0.24705985012 -0.135581273406 0.223924761766 0.158582739059
12 132 0 0.0 nan 0.692779589749 0.547426678015 0.929190403809 0.384887853236 0.278290673268 0.6121417056 0.420048283119 0.433673275263 0.955791946987 0.485550436065 0.35961748778 -0.0510136443412 0.317606537056 0.061923186857
13 143 0 0.0 nan 0.696787276236 0.559559408591 0.758767335 0.175701313403 0.351783164874 0.550119166785 0.566966613693 0.559497131003 0.920976401649 0.5966145972 0.28069314883 -0.0570474410243 0.29097094882 0.0866571330267
14 154 0 0.0 nan 0.688946820905 0.565590002715 0.807123647365 0.19697699991 0.393202855001 0.505961885987 0.440592483506 0.51646928216 0.931750987691 0.434662043696 0.41117684192 -0.161408358538 0.233532098942 -0.146897096644
15 165 0 0.0 nan 0.775271170018 0.491403382822 0.726033867065 0.228711428766 0.338359204028 0.574364993258 0.377102680391 0.61435409388 1.06370672377 0.496207879257 0.550634001472 -0.144592749543 0.281997596106 -0.133125057009
16 176 0 0.0 nan 0.783890613065 0.455218056381 0.729706994833 0.140551717589 0.333573326922 0.51463593943 0.418105346928 0.451266038782 0.93693256192 0.598371634574 0.666033776057 -0.102499618714 0.263864776948 -0.209730815151
17 187 0 0.0 nan 0.65553304002 0.416131568608 0.72047574802 0.0187949379395 0.379200890303 0.477003416962 0.496374770653 0.478354808694 0.95605182893 0.456093093787 0.759725130395 0.0197209879106 0.290221623559 -0.261225881358
18 198 0 0.0 nan 0.640355057261 0.50902173235 0.711973686111 0.00315314597252 0.417092862681 0.352675203638 0.472869235996 0.690719990766 0.932342783417 0.194060739828 0.73011866463 0.0931407584009 0.309794408009 -0.0952476713892
19 209 0 0.0 nan 0.754419452567 0.396516590346 0.669501985698 0.0336979305658 0.401166845618 0.355418705618 0.505704301673 0.620390226464 0.872064544358 0.218085094648 0.708763047999 0.0442931132606 0.23198571238 -0.0962108953573
20 220 0 0.0 nan 0.661341726956 0.362344806486 0.712343031547 0.0749575030635 0.441347440827 0.18693527299 0.569955638462 0.630004314396 0.931402884054 0.199936401087 0.671564212419 0.0469400558922 0.203990684325 -0.177969645868
21 231 0 0.0 nan 0.679282898269 0.216258333447 0.686536759291 0.0627259844957 0.58923790172 0.0796622196123 0.594052688165 0.680992066178 0.900109060077 0.190565455493 0.713737457885 0.0460001801982 0.192155751166 -0.137562960953
22 242 0 0.0 nan 0.739153124933 0.162672446415 0.626598321545 0.195867712752 0.698017796591 0.172572779964 0.592642500498 0.653911776035 0.779080242544 0.265163336637 0.623677230422 0.106403469779 0.24810440905 -0.0863834853429
23 253 0 0.0 nan 0.765233722643 0.114762668201 0.571757820549 0.241182508731 0.66262643194 0.0713267950095 0.502474339992 0.481832279508 0.645128597659 0.435731524467 0.537999738469 0.0194259888633 0.277939085524 0.0610491368339
24 264 0 0.0 nan 0.639015458636 0.0558536590365 0.629639459295 0.224279791285 0.566171535403 -0.0735749978283 0.504187569318 0.42798832767 0.683517298098 0.391687014424 0.488934498724 -0.109820632823 0.288941960079 0.0781272224596
25 275 0 0.0 nan 0.594568779308 0.0756275950079 0.62528068908 0.128087552757 0.643760198724 0.0578334722573 0.460931801718 0.435138104154 0.56434810966 0.492695635204 0.356465979357 -0.0151390340874 0.186463451637 -0.00414276536902
26 286 0 0.0 nan 0.679508109001 0.136468175213 0.56043095524 0.0885384499321 0.774707743679 -0.0476511657472 0.324114828367 0.503548771108 0.592247336034 0.344904313151 0.338532447343 0.0224584002137 0.0701364357151 -0.0499654857695
27 297 0 0.0 nan 0.810206144492 0.136280596626 0.452927892742 0.190645432254 0.703860654289 0.00986493822313 0.242211588937 0.71228047578 0.587260593549 0.405923041169 0.486781950887 0.129230021 0.0643537434298 0.0399874651608
28 308 0 0.0 nan 0.844611216125 0.162410684924 0.398846302619 0.167049257799 0.75354199375 0.0435347216823 0.126239407905 0.627216475521 0.404638597484 0.499619325819 0.426344830279 0.129119450852 0.0609702510065 0.198002328632
29 319 0 0.0 nan 0.796908730806 0.19756874356 0.382820454761 0.283850626622 0.733252715868 0.172176105895 0.0919445721098 0.494595286621 0.397776451479 0.568524712205 0.376231738311 0.171244966339 0.0691073501957 0.145819512851
30 330 0 0.0 nan 0.747914347098 0.246481808673 0.382430731335 0.368909963496 0.711230998647 0.218894346313 0.181009181572 0.474928029453 0.330646121929 0.506519056685 0.472509740497 0.373560795172 0.142219113404 0.215997210638
31 341 0 0.0 nan 0.696598844796 0.26444808776 0.453715053969 0.475053875486 0.652862629652 0.20571473669 0.212004773928 0.540009698392 0.298585919971 0.54435811143 0.359375357377 0.285019856802 0.259113386643 0.233247236043
32 352 0 0.0 nan 0.730801174513 0.222770010321 0.50089593244 0.513931025766 0.459172066504 0.149168995985 0.125614841006 0.416375403309 0.428721196756 0.757762235634 0.274372810197 0.140931439657 0.32110883192 0.262799289053
33 363 0 0.0 nan 0.825601009523 0.301655830064 0.568383570077 0.47177666952 0.377773743868 0.281646210862 0.116525639167 0.445342921311 0.333760833516 0.732260683125 0.267172529396 0.154726559964 0.281742196656 0.273962046236
34 374 0 0.0 nan 0.728544672205 0.321118897444 0.513478142893 0.452701224198 0.377699755627 0.314745488422 0.0656718215732 0.313340266781 0.260370895019 0.80635900284 0.207311666946 0.254426365447 0.18912134445 0.236451893422
35 385 0 0.0 nan 0.723905612215 0.301422312774 0.438565991649 0.285399164277 0.371651268221 0.310694281829 0.0893770654846 0.383994361801 0.293697153074 0.665765401933 0.204842541192 0.176224619012 0.258296611096 0.335674672252
36 396 0 0.0 nan 0.80520707156 0.450355390034 0.477135922398 0.285185594709 0.257553917254 0.413213314706 0.108493172438 0.224728487293 0.336496167374 0.734405091218 0.170025468904 0.128088774682 0.154618588496 0.355355608121
37 407 0 0.0 nan 0.790241540759 0.365115071356 0.465584254107 0.330635562608 0.181368692575 0.381809037331 0.0835762735323 0.232412050721 0.345260197906 0.773510831006 0.196202227632 0.127765983283 0.197815328565 0.292877573819
38 418 0 0.0 nan 0.807677933463 0.26222567681 0.465070731161 0.318365846281 0.119196626061 0.270886675968 0.196760037561 0.239540165831 0.209700696507 0.784763635175 0.226065989605 0.204549411003 0.230200087847 0.307092894539
39 429 0 0.0 nan 0.891851351449 0.302961656671 0.541097073251 0.295006753685 0.0947928478327 0.362850133309 0.204625606557 0.318180243124 0.104881977191 0.715133413741 0.193564160267 0.184221002936 0.19878264354 0.366790477574
40 440 0 0.0 nan 0.825937507765 0.330713994901 0.503876918479 0.310149214732 0.121216035469 0.43360678229 0.137503379586 0.231463556818 0.13142809677 0.756974386314 0.119960850959 0.228805526035 0.244964928668 0.394719114093
41 451 0 0.0 nan 0.839054699248 0.339018109774 0.508663685798 0.299911094256 0.176823552242 0.506894127045 0.0855764764624 0.237522556307 0.129941686869 0.747559487298 0.0858183814071 0.194526735866 0.210393208299 0.433978012056
42 462 0 0.0 nan 0.834151212897 0.343766061915 0.52363779336 0.329214893695 0.139552754706 0.469978207724 0.0873619616761 0.270870426198 0.171158812137 0.788444301768 0.179818680416 0.216052470217 0.203174560975 0.453819373499
43 473 0 0.0 nan 0.803204265844 0.292038777563 0.561910892384 0.342864378151 0.134870661126 0.453460624989 0.167487913258 0.2764572935 0.185833117456 0.803271072108 0.196581902986 0.178624980702 0.2432268557 0.443789357593
44 484 0 0.0 nan 0.796683178867 0.304692810515 0.542233729684 0.307788705718 0.214389304139 0.485900526756 0.173205245166 0.239364465357 0.171838891705 0.833730833767 0.0930584874855 0.121550711616 0.213375006211 0.438366692685
45 495 0 0.0 nan 0.748140912229 0.245329904182 0.540501152735 0.211641383235 0.307670624107 0.469077202024 0.198817374931 0.23174023221 0.158117236531 0.862992829317 0.137320837531 0.168280185276 0.156883629783 0.426230139316
46 506 0 0.0 nan 0.819337623094 0.275522184732 0.469537130749 0.259763613971 0.286942225969 0.451916542715 0.161734496639 0.215412845692 0.175289942607 0.943233194837 0.179283484621 0.189738490297 0.178447367761 0.457856693269
47 517 0 0.0 nan 0.775179973433 0.113156622362 0.435552597692 0.259719581765 0.322231939984 0.406447946401 0.199981551732 0.23554504918 0.110166865611 0.810491584112 0.189956141597 0.149635144727 0.211329778096 0.359475064562
48 528 0 0.0 nan 0.788928656159 0.1471193185 0.454815855507 0.224720748453 0.30875052788 0.51620755105 0.196692689085 0.204787853648 0.122744518612 0.75409956071 0.190428015216 0.122841620926 0.205085964463 0.330385832602
49 539 0 0.0 nan 0.793365548277 0.145180648807 0.45608074201 0.230678109927 0.271725997249 0.443446256115 0.202502044477 0.195259357126 0.130813866637 0.734520176091 0.244170604079 0.0636170131097 0.188256889279 0.299269083762
50 550 0 0.0 nan 0.86479763296 0.158207249508 0.465713385569 0.220496159517 0.279029025058 0.360450655321 0.172952890954 0.13487408093 0.117563419742 0.759671341687 0.276965457152 0.0796263231847 0.150031368532 0.246212645031
51 561 0 0.0 nan 0.865797039721 0.141981290402 0.416232133776 0.212551542789 0.221042334866 0.354105656868 0.151574042587 0.105253807878 0.100066730047 0.763822525116 0.226837838621 0.0524353423412 0.178736281009 0.18559391262
52 572 0 0.0 nan 0.869508420204 0.168562418045 0.382947458064 0.183816226562 0.186544274502 0.369441635655 0.182634277942 0.072997957062 0.0923644736083 0.731532296862 0.174398887902 0.0710788466664 0.207145599601 0.197103159436
53 583 0 0.0 nan 0.751781042937 0.137327658768 0.390511075592 0.170596944016 0.231064555792 0.369467826294 0.136314694177 0.154030521756 0.150426074033 0.752991059494 0.166376228992 0.128204488553 0.182914322771 0.167094193306
54 594 0 0.0 nan 0.730716236052 0.122532450567 0.446312755274 0.191613425244 0.264695092212 0.393124696261 0.161679405083 0.192247330387 0.214132747611 0.758559912435 0.164572685249 0.182925606422 0.213333048005 0.0902402306539
55 605 0 0.0 nan 0.77667176015 0.172560120036 0.446697666466 0.167180041295 0.257607648977 0.303392596596 0.199431553339 0.167893834171 0.197855512489 0.696623625134 0.202238638592 0.142013602054 0.134710411257 0.0605058463677
56 616 0 0.0 nan 0.810358459711 0.173831919003 0.373675667062 0.181848726515 0.244218254467 0.269015481623 0.168676755441 0.165786415046 0.244533273988 0.657633191724 0.232946212314 0.135415958164 0.152522738804 0.0711120233182
57 627 0 0.0 nan 0.817898763875 0.181790727664 0.347926051237 0.181418661134 0.244569251813 0.297112926656 0.179630454247 0.0887815858766 0.233567455924 0.641837452587 0.253440579415 0.121909996582 0.123259522279 0.111335290906
58 638 0 0.0 nan 0.81350647059 0.167480043204 0.363197903742 0.214494427905 0.235327555442 0.268818874861 0.146267659976 0.121001454511 0.214273644267 0.580370468081 0.240232548419 0.0815057437841 0.115613181577 0.127300933722
59 649 0 0.0 nan 0.770740856351 0.194158630697 0.31840432615 0.220165949917 0.260371127907 0.249860601397 0.106909052929 0.0626653692214 0.198651585972 0.691646837547 0.208936610417 0.112426278757 0.145273031237 0.137561753874
60 660 0 0.0 nan 0.753319623965 0.19730443659 0.339731806076 0.216847308789 0.268433625132 0.198667318642 0.09424050548 0.100199352731 0.196467033943 0.680103279489 0.21967332585 0.105129051621 0.177963477816 0.164035347542
61 671 0 0.0 nan 0.772165216386 0.162860628587 0.345646340394 0.269526605454 0.281363369322 0.146104796933 0.0881705715545 0.0660131954735 0.173847158189 0.731583589168 0.176689162778 0.0931655888559 0.206925241927 0.199944496391
62 682 0 0.0 nan 0.709686864518 0.1929076449 0.321925527812 0.257539774499 0.28603609414 0.151263324887 0.0933967804801 0.0887604488062 0.121230562013 0.717934843086 0.145867184113 0.0856096230783 0.238262617058 0.200756712358
63 693 0 0.0 nan 0.765676032461 0.163816367789 0.309898836153 0.196940645528 0.28975161249 0.15884767597 0.161192122958 0.066657066052 0.0761636929351 0.669695793583 0.181066008223 0.0873479966957 0.244083544837 0.185640820615
64 704 0 0.0 nan 0.765628766398 0.146447450288 0.327523006413 0.201533391002 0.325097443154 0.161016706688 0.177404332751 0.0807441489372 0.138396767364 0.690125557449 0.14746983791 0.0524250415204 0.290760299954 0.216879844965
65 715 0 0.0 nan 0.766758954977 0.169494570638 0.337280674964 0.196601196622 0.281946103641 0.194927095318 0.157106646256 0.0416144297904 0.0942494770715 0.736227957196 0.163701454127 0.0740947163187 0.292144154201 0.197534700937
66 726 0 0.0 nan 0.750656250193 0.197942134669 0.362284026558 0.23275461003 0.303219292675 0.218088436031 0.153162759854 0.0734317443147 0.123415448536 0.742117296524 0.161396560074 0.104554102372 0.322989552397 0.221499043234
67 737 0 0.0 nan 0.748318010917 0.198723130447 0.376240738158 0.18643001424 0.312114646685 0.236649925341 0.190386838201 0.0853268009971 0.120121760156 0.726532795676 0.156068931174 0.102959429176 0.334130522165 0.216706466697
68 748 0 0.0 nan 0.748790095341 0.168336804214 0.35417142378 0.170360784076 0.294893063973 0.208105517193 0.210823707538 0.0809131978469 0.0682224885641 0.700655912615 0.128386192435 0.12447936416 0.33039938347 0.207237308435
69 759 0 0.0 nan 0.728910499678 0.127031458785 0.342671042917 0.130960838396 0.318285914752 0.154411356084 0.189214059986 0.0929436228464 0.0378490670118 0.67218041664 0.148615533528 0.124828325302 0.334995391741 0.188580174886
70 770 0 0.0 nan 0.739752339154 0.120019064584 0.359503145615 0.123901593602 0.319727385357 0.149741580341 0.207512954509 0.0644379981857 0.021750916727 0.688896255895 0.140774657234 0.13110048273 0.305198773722 0.191619210478
71 781 0 0.0 nan 0.731236983956 0.12362641047 0.362303988691 0.124570494313 0.309555625637 0.173910149396 0.191333856039 0.0575513560492 0.0669362167929 0.697371811624 0.160006726396 0.101163712164 0.304535723086 0.130172934989
72 792 0 0.0 nan 0.713256610596 0.12823753273 0.334107757314 0.107780243858 0.323187550413 0.163401438662 0.189443750992 0.030305081184 0.0726291900972 0.694044332311 0.161590649618 0.135669740615 0.289966808689 0.090889825592
73 803 0 0.0 nan 0.742677341538 0.142810541504 0.358745412375 0.0886745645386 0.322021551001 0.192990285911 0.194314089083 0.0416661089403 0.102992452393 0.69240285288 0.155194898203 0.105735095772 0.312618470031 0.0522205230033
74 814 0 0.0 nan 0.751830278755 0.17069450221 0.355912119222 0.0938150445343 0.32045887663 0.201122287609 0.191354337819 0.0522585578687 0.0982449469688 0.670324823698 0.150001531101 0.0756293382619 0.312628974278 0.0739073511951
75 825 0 0.0 nan 0.772379029552 0.1632352179 0.351307688537 0.0865460156557 0.336986851904 0.207143069006 0.188493137462 0.0440058162195 0.0661485127559 0.665166565285 0.184675428526 0.0811188470211 0.293332417309 0.041929985491
76 836 0 0.0 nan 0.749216115893 0.181951364907 0.336851591833 0.0962142342198 0.353332044151 0.197980399888 0.180940116931 0.0675626241035 0.0391625389079 0.631499865058 0.188438413985 0.0998093967233 0.310531724602 0.0544561619297
77 847 0 0.0 nan 0.711232678223 0.197945327037 0.32502381123 0.0902300659671 0.360344220658 0.167355455828 0.148276634664 0.0662769009329 0.0324128821359 0.629820205959 0.190590016035 0.113626708473 0.303858092299 0.0707615692593
78 858 0 0.0 nan 0.692012140656 0.21404525429 0.329536746265 0.0685319867216 0.366293301589 0.157861533027 0.136457363489 0.0440544003655 0.0579656888331 0.637695478279 0.161097927212 0.139043110562 0.299953614802 0.0701640281068
79 869 0 0.0 nan 0.702913226951 0.261642878933 0.338668910038 0.0758592452806 0.339042519071 0.18381551122 0.106267115763 0.0840223993367 0.103639007951 0.618317365204 0.186167752504 0.128514126341 0.305085330556 0.0895005609891
80 880 0 0.0 nan 0.667936921059 0.264382000356 0.33725309291 0.0703388719052 0.344625964845 0.176038751403 0.11830275859 0.0955997898429 0.127448183587 0.612676029432 0.200167724007 0.131249775824 0.297254780472 0.0705168399467
81 891 0 0.0 nan 0.68015400598 0.268092036488 0.344183480914 0.0633619307272 0.32650514434 0.181240891258 0.115297663204 0.0919098109143 0.150109806733 0.588346284496 0.200713718879 0.143496272254 0.246162252263 0.0854816880515
82 902 0 0.0 nan 0.676840379499 0.268384522892 0.343966725758 0.0876309158727 0.296963967835 0.153820799074 0.136747259504 0.0948292626184 0.177133610714 0.575192291485 0.21006374141 0.145781523805 0.222126779519 0.0754399822416
83 913 0 0.0 nan 0.68169491906 0.212766535109 0.32434754558 0.107460018949 0.300722447843 0.136356930773 0.14712503099 0.0883902976918 0.173737832797 0.563673437059 0.222584287104 0.133801840648 0.260684276179 0.0661836732215
84 924 0 0.0 nan 0.688909914821 0.20025650971 0.326061830143 0.103589601735 0.305763971942 0.13203354255 0.15681073778 0.0725634988788 0.179868407535 0.537870538744 0.209871699818 0.101668791881 0.291867041924 0.0685123601478
85 935 0 0.0 nan 0.689053822501 0.177727446074 0.309262432467 0.0954388661853 0.323978557046 0.140965812269 0.156695223488 0.069707289054 0.204269600849 0.558005389808 0.215660676641 0.0941743770231 0.258686659528 0.0514821866759
86 946 0 0.0 nan 0.709056480906 0.183999856144 0.293907851995 0.112277708088 0.29456223554 0.103148038128 0.171067229663 0.0548430057456 0.184069320756 0.55200378592 0.240457524971 0.0785042117153 0.250130377478 0.0337554974495
87 957 0 0.0 nan 0.713229416995 0.162534676054 0.302562013215 0.115903067772 0.275709719653 0.125421466257 0.167633490865 0.0499835577634 0.226374289819 0.58375775426 0.253675190405 0.089567301092 0.208155878192 0.0356451702554
88 968 0 0.0 nan 0.71401571071 0.149990293536 0.280042272561 0.0942256586173 0.279697197808 0.14059011681 0.159133952751 0.0591860907403 0.227906409201 0.579009354456 0.238470248979 0.0870200265775 0.199849695674 0.0560153285129
89 979 0 0.0 nan 0.697438542059 0.155977734923 0.261161834403 0.0905246961242 0.290959052774 0.134309528727 0.155334295729 0.0428389792043 0.174001788091 0.608377447034 0.214067114194 0.0782425241903 0.206632806326 0.060611548511
90 990 0 0.0 nan 0.668943883805 0.168573226339 0.216367149422 0.0681676103144 0.301277960905 0.0902114968856 0.150832894165 0.0403049084807 0.182291396547 0.58773000651 0.191052710906 0.064314983751 0.215012553 0.0375022003424
91 1001 0 0.0 nan 0.628195998434 0.158920954084 0.213228721571 0.0491584524826 0.309280276818 0.0860666417249 0.127594846608 0.0491239866419 0.190282132817 0.591719918268 0.194859103537 0.0534853665171 0.214702571894 0.0427303825087
92 1012 0 0.0 nan 0.642467526268 0.147968124769 0.236210914402 0.102717256205 0.307561370861 0.0991594118184 0.146612335602 0.0767521175708 0.1960217422 0.58008560594 0.228604365944 0.0882988573506 0.201497003226 0.0580257657404
93 1023 0 0.0 nan 0.621924958184 0.149089304569 0.232394121658 0.115411877328 0.31565755486 0.0597910443809 0.138176674748 0.0953167393423 0.209272665706 0.543330281407 0.244722238254 0.116498656407 0.206950521331 0.0571403621266
94 1034 0 0.0 nan 0.613829524352 0.141023942469 0.250776119025 0.0850140712575 0.295570401932 0.0463091161972 0.1660518349 0.0731161900905 0.263400839991 0.511671317062 0.290560608245 0.129690497946 0.168012960543 0.0380179617544
95 1045 0 0.0 nan 0.604411627388 0.121699558563 0.259358179771 0.0462018840878 0.281828938313 0.087919229891 0.206627396039 0.0754214303093 0.259208873627 0.505132948316 0.255313537146 0.130096730119 0.146674105503 0.0453535501503
96 1056 0 0.0 nan 0.59636221717 0.170378093997 0.239281427574 0.0381282954 0.291061555281 0.0903576534647 0.236101305005 0.0493093955988 0.247256174382 0.48838572538 0.265874144198 0.110004558745 0.149266047066 0.045290826944
97 1067 0 0.0 nan 0.636473473984 0.187910278276 0.26918023062 0.0517618645505 0.292937853796 0.0926583197291 0.236098081732 0.0427823182142 0.280198810376 0.457594081269 0.298020563419 0.0815417633904 0.141873262187 0.0382619792517
98 1078 0 0.0 nan 0.62032181961 0.189053112062 0.251443180873 0.0772561151865 0.291041482153 0.088025220814 0.213601724006 0.0559422225834 0.312532848794 0.513239481083 0.287725681798 0.0692402233426 0.125263485378 0.0386215415508
99 1089 0 0.0 nan 0.610203694456 0.189397197561 0.29181478201 0.0685116525565 0.295989686607 0.0814718536093 0.185239600302 0.0593344505236 0.29861469377 0.508634410036 0.316681496343 0.0729637550015 0.154143515358 0.0712720216854
100 1100 0 0.0 nan 0.620330194561 0.193614205604 0.30786252571 0.0634544891931 0.273300898583 0.0857321244633 0.235866329838 0.0309569865883 0.281025002907 0.503414677234 0.315056276466 0.0921004555115 0.147616110442 0.069931192009
101 1111 0 0.0 nan 0.639716971902 0.206898230331 0.301603951359 0.0835901811206 0.283850823241 0.0947630607282 0.23233870404 0.0310735029589 0.259819720027 0.462809833136 0.307953784515 0.0734948382456 0.151926841616 0.101816637113
102 1122 0 0.0 nan 0.624029617178 0.211425873614 0.29094151514 0.0832237448626 0.287994734072 0.11170028187 0.242156547035 0.0331341091093 0.265339324455 0.453593231789 0.302087110203 0.064716856907 0.0999808496407 0.104479430823
103 1133 0 0.0 nan 0.617357579643 0.197384698092 0.301382085393 0.0813075715284 0.296624277832 0.10147547274 0.24737958133 0.0122299593078 0.240942242081 0.443299798649 0.278309043547 0.0511751158117 0.0963806121259 0.123100707269
104 1144 0 0.0 nan 0.596141245405 0.205168534348 0.311146472304 0.0907811036303 0.274519706415 0.135569964365 0.267169223163 0.0142284550468 0.235213703695 0.442707634003 0.299850014317 0.0529335421606 0.0976175681219 0.112957385631
105 1155 0 0.0 nan 0.604789047219 0.234418218636 0.313445395492 0.108303037005 0.22544691075 0.156869227476 0.272763447942 0.0390541101411 0.261676520754 0.460988041612 0.31738279007 0.0570101671805 0.086248280911 0.118716016895
106 1166 0 0.0 nan 0.627226523084 0.26510668764 0.289599159992 0.0940492272534 0.212932257447 0.167300906937 0.301574401404 0.0200817287073 0.269719446338 0.436685084383 0.356662211229 0.0483535564448 0.0950348800127 0.069193617451
107 1177 0 0.0 nan 0.628705818599 0.255316343058 0.32566769177 0.0916673940589 0.196011916745 0.156659829626 0.337321057801 0.0357425605052 0.235893754618 0.427599747118 0.341793874482 0.0394871124804 0.0951417404526 0.10212173886
108 1188 0 0.0 nan 0.611270671321 0.275449140615 0.343105466652 0.0959589160945 0.163961988962 0.174309089186 0.332884741146 0.0424507593748 0.301241343458 0.439109129214 0.366468783943 0.0329162362805 0.0845666699127 0.0963866729934
109 1199 0 0.0 nan 0.624840317857 0.244810133966 0.31209734076 0.096086843166 0.106549312711 0.125192580028 0.328614887836 0.0748022600975 0.344006854011 0.452864210317 0.351731101517 0.0288066009185 0.062468589854 0.086996251571
110 1210 0 0.0 nan 0.647216630577 0.249599136155 0.310398490257 0.113173623049 0.127300175872 0.115142524953 0.338739967504 0.0662365449454 0.32894506836 0.455748594916 0.349261688903 0.0348651487164 0.0809915046216 0.10997023879
111 1221 0 0.0 nan 0.64706804249 0.239292650716 0.312712493343 0.106017553634 0.117532775554 0.0986029823557 0.312857799115 0.092808020183 0.329783092078 0.445352047492 0.335164955942 0.0485776030523 0.0834922149622 0.106337376823
112 1232 0 0.0 nan 0.642412127695 0.211890878168 0.29106742881 0.0775012626183 0.147799223465 0.0911084719767 0.291347976968 0.068884789865 0.336770083268 0.473337891239 0.299665032589 0.0384846095574 0.133832295319 0.0800658503267
113 1243 0 0.0 nan 0.655922743568 0.24112122263 0.318835588413 0.0829985029656 0.140413766968 0.0980079529921 0.334024702475 0.084549872329 0.300672282052 0.431266194536 0.33428943702 0.0675891176361 0.107008957627 0.099950913669
114 1254 0 0.0 nan 0.659905946527 0.244431242044 0.306540923837 0.0805896080132 0.157886493475 0.101394843886 0.312788661797 0.097546256963 0.254576890627 0.402824964488 0.345485531621 0.0921706829126 0.130731412274 0.136638789946
115 1265 0 0.0 nan 0.642446014167 0.255772976329 0.277581778488 0.0991506014526 0.162316229115 0.09225156785 0.331737895642 0.104623510584 0.219192270169 0.406947731397 0.360585165437 0.0938678007799 0.127200409856 0.154255984319
116 1276 0 0.0 nan 0.637020751476 0.258641363371 0.280262225929 0.0849104713443 0.19157930039 0.0932758140277 0.340949326601 0.123016805548 0.225943775495 0.369512660354 0.390012776663 0.137734386828 0.124299839767 0.105921887621
117 1287 0 0.0 nan 0.628254380132 0.25449904244 0.283338175435 0.0693417402269 0.204172114664 0.0952645640392 0.308542333175 0.149449801967 0.230879453392 0.341956794468 0.387343781267 0.153108190958 0.151676042923 0.106524557535
118 1298 0 0.0 nan 0.619727512903 0.241721125289 0.267258916811 0.0501973550077 0.216488832542 0.0369695013132 0.277876180703 0.166770682655 0.264331760748 0.367808364295 0.338717394422 0.148154420465 0.15024139756 0.100899386161
119 1309 0 0.0 nan 0.652977652318 0.217911795291 0.278398763132 0.0330760623203 0.213822713404 0.0403667383133 0.272875852354 0.159701556292 0.269218569407 0.404801707172 0.321485385139 0.132084711191 0.163120977781 0.122936821967
120 1320 0 0.0 nan 0.657662298879 0.223824651068 0.281669500879 0.0415578756073 0.175944624041 0.042099374021 0.32689939549 0.17129365624 0.313672282225 0.415895604982 0.332647405977 0.104497030438 0.155588698014 0.132441068231
121 1331 0 0.0 nan 0.669142506492 0.212539745089 0.325225313008 0.0513918540319 0.155518751915 0.0494996972495 0.378804937492 0.172924787086 0.274616479035 0.413932771991 0.316189426776 0.110772735609 0.17242391794 0.131273288552
122 1342 0 0.0 nan 0.652917239302 0.19730114318 0.321836578653 0.0585217925654 0.120348476721 0.0141435417882 0.36616723316 0.151552516838 0.279432736906 0.410122556465 0.301583133178 0.103922960151 0.183694730218 0.113937543054
123 1353 0 0.0 nan 0.625521519781 0.196120315091 0.311144065947 0.0504583463513 0.112442702909 0.0100984471295 0.361712916197 0.13157408557 0.29345170848 0.407047343732 0.310318584536 0.0997104414103 0.188182647061 0.136229565319
124 1364 0 0.0 nan 0.644833847538 0.175479233734 0.320103645278 0.0494474859009 0.113030517423 0.0530079660031 0.353954367408 0.133334284351 0.284412516328 0.423499336821 0.292797512884 0.0952145061074 0.170612807881 0.158427806453
125 1375 0 0.0 nan 0.619970707512 0.159122235606 0.309184216583 0.0301626813346 0.109039975216 0.0934510865385 0.351919602024 0.140071763635 0.33000955623 0.470279889492 0.29917416578 0.0728845324432 0.144476639336 0.176782594635
126 1386 0 0.0 nan 0.647563315646 0.155990586311 0.289675545835 0.0114482816963 0.133929513408 0.073864249474 0.352212971565 0.125411629998 0.322365584063 0.452547757592 0.292374943041 0.0862491947959 0.154734748046 0.163602185917
127 1397 0 0.0 nan 0.666663221365 0.16078606436 0.275073750254 0.0230960337771 0.124516098135 0.0634561226481 0.336096996079 0.117230743041 0.35428848738 0.452760270788 0.276394898342 0.0690964494332 0.143242556518 0.186435754988
128 1408 0 0.0 nan 0.652869633129 0.161208963603 0.26223327382 0.0205703385139 0.120297948136 0.0333840422119 0.355172317576 0.125301416352 0.336628192615 0.420009348442 0.266654390821 0.0943696626992 0.130995909328 0.187805802815
129 1419 0 0.0 nan 0.679240045207 0.1795102728 0.236537150331 0.05145856171 0.115297870314 0.0374716050965 0.336572174129 0.134931829855 0.388195387686 0.453451824404 0.261883176218 0.0920535218431 0.12283545846 0.1970556658
130 1430 0 0.0 nan 0.695359862616 0.18928037336 0.253258673695 0.0696177972593 0.102839271493 0.0399348402676 0.344512834212 0.14784826091 0.360364829819 0.43474394621 0.269339676844 0.0899144313342 0.128512969086 0.254335700455
131 1441 0 0.0 nan 0.698383670673 0.182683866986 0.279237502428 0.037896063044 0.10960436281 0.0558551297475 0.399705559049 0.156879994549 0.30629542977 0.418150605252 0.269692436312 0.0942191880936 0.1020518389 0.267909280384
132 1452 0 0.0 nan 0.683467572251 0.12478459412 0.284014737089 0.0388231039434 0.150718780028 0.0688969785131 0.404948542419 0.143518103627 0.311690631659 0.478293516039 0.245993405348 0.0900768264307 0.0979554674682 0.23647499664
133 1463 0 0.0 nan 0.678249728522 0.131170226989 0.301416794377 0.0224948267333 0.184526650095 0.0534835698351 0.400741396463 0.169138654461 0.341319017237 0.485031289954 0.233649570259 0.122785032327 0.156227404804 0.209255403711
134 1474 0 0.0 nan 0.648273023719 0.149224688577 0.300461840962 0.0327677584854 0.176469339375 0.0557112481022 0.396961277007 0.173255670924 0.328885258398 0.494725865849 0.242702036514 0.144306972554 0.17466688001 0.212094116596
135 1485 0 0.0 nan 0.640886427541 0.15114165094 0.272074790918 0.035621428001 0.197502990748 0.060407712926 0.387171239355 0.196016356019 0.362617305096 0.449287345835 0.269448514042 0.153522588362 0.145342109026 0.204707921302
136 1496 0 0.0 nan 0.642374970246 0.148754839478 0.25872381581 0.0360169080313 0.200304076158 0.0636550931956 0.406309846325 0.198871526421 0.391695489174 0.435714785404 0.262654336891 0.126297711001 0.114357819647 0.219892816572
137 1507 0 0.0 nan 0.621560437519 0.138200285257 0.284301446364 0.0277330457315 0.217638786465 0.0945817859714 0.425578829065 0.188696189151 0.344015257031 0.426482225518 0.24768348819 0.112409581597 0.100997373708 0.204147469463
138 1518 0 0.0 nan 0.632187280983 0.151860169844 0.305937142897 0.0209978197984 0.244053101195 0.0930031715098 0.430759608354 0.159998658842 0.341964521959 0.390936966176 0.272299686449 0.112807928185 0.0809240444696 0.194204457034
139 1529 0 0.0 nan 0.643996341036 0.145638936027 0.333793316592 0.0403147179758 0.249304959841 0.100720343761 0.414497507232 0.17112201504 0.328608660863 0.455751659022 0.278021199283 0.122499569193 0.101619270451 0.216810693109
140 1540 0 0.0 nan 0.656616651552 0.149185084822 0.379098857699 0.0381815991073 0.224096949877 0.140198988483 0.412644767887 0.177148126744 0.327699862647 0.441640546011 0.264782380415 0.107731852271 0.0888665126785 0.249233092264
141 1551 0 0.0 nan 0.652731020407 0.169907540625 0.359616645151 0.0641925630739 0.218299379434 0.139244088439 0.386327392279 0.191604256769 0.294950150112 0.421182169387 0.281764034095 0.111356157528 0.100290774097 0.29131513225
142 1562 0 0.0 nan 0.633433881543 0.142638278244 0.346012334244 0.0617742040774 0.226186783981 0.126187824268 0.381567429009 0.193801520235 0.29839778698 0.418871511276 0.298658215951 0.126057723282 0.0700546685055 0.30286040827
143 1573 0 0.0 nan 0.641526914436 0.153551027862 0.352611230509 0.0720846887015 0.257769542862 0.10708007074 0.359441388519 0.205724296305 0.248789747834 0.367169882188 0.316146454987 0.143311925862 0.0626077014157 0.292851632548
144 1584 0 0.0 nan 0.655522322566 0.163784317298 0.356198964813 0.0877511051956 0.251769816921 0.0947433173747 0.364791967297 0.228424145943 0.219558895779 0.369412638422 0.311927545674 0.159639556345 0.0897318847478 0.309588015653
145 1595 0 0.0 nan 0.677457454843 0.185112299687 0.310196718287 0.092790282881 0.233516156936 0.0824551211549 0.36050536479 0.230274201961 0.302727972109 0.382854622829 0.30009891094 0.166468048818 0.0824530170399 0.314510760429
146 1606 0 0.0 nan 0.690566878701 0.1606842685 0.324496158932 0.0867545934404 0.220830346289 0.0873982288062 0.357249843095 0.233187879948 0.281313603039 0.406495796085 0.260883832301 0.150847293141 0.0770778068248 0.348423704749
147 1617 0 0.0 nan 0.697728275747 0.1963874236 0.319786726692 0.07801039323 0.217165777209 0.0944151765868 0.365134425465 0.233614683876 0.256746374084 0.356254687269 0.281681589565 0.168638546409 0.124368298597 0.343463432315
148 1628 0 0.0 nan 0.698716060908 0.172467624388 0.290940203587 0.0573433961505 0.251187975589 0.0654747487968 0.364103622292 0.22470487051 0.275762936691 0.358015390524 0.251870651085 0.1752218828 0.132050733456 0.333456171654
149 1639 0 0.0 nan 0.711111065997 0.144345165593 0.297576455201 0.0400891959107 0.265261681856 0.0669743074501 0.365570044037 0.216747564662 0.313387048356 0.359008982913 0.241154924833 0.154684833386 0.106313290063 0.336225760878
150 1650 0 0.0 nan 0.71128744641 0.0983795363572 0.289863333373 0.0678631010949 0.246146220501 0.0427197361207 0.356244774968 0.211470325703 0.351802756481 0.39760279696 0.218505390235 0.13998325532 0.131671896187 0.338677473029
151 1661 0 0.0 nan 0.697652473048 0.143338976976 0.267902700327 0.0682113772554 0.247504653396 0.0330885532478 0.35289023838 0.182637111969 0.376704386415 0.391638374717 0.249523185208 0.167132200777 0.103102116228 0.301855296232
152 1672 0 0.0 nan 0.694545033995 0.12490728275 0.266595929371 0.0528701276577 0.234588452009 0.0550330165616 0.354214617153 0.167348526846 0.39083486159 0.393245493238 0.259424369063 0.170974301727 0.0784140410785 0.277104440481
153 1683 0 0.0 nan 0.707858187625 0.128729732822 0.267754953362 0.0452941126203 0.244757150285 0.0771450275014 0.348919098157 0.153013651989 0.38653301362 0.384612506215 0.260451754311 0.16477249166 0.100326424928 0.266567752811
154 1694 0 0.0 nan 0.673792558375 0.10978786992 0.238867243307 0.0394786813377 0.277001387877 0.0699835042366 0.366555183845 0.174033616218 0.393045237037 0.369554142182 0.245018837643 0.168499503553 0.127323049928 0.248336174959
155 1705 0 0.0 nan 0.648058066966 0.0860852154048 0.211454123194 0.0289923703036 0.265919019695 0.0636333939082 0.369210673628 0.175559112239 0.433462592979 0.367821584832 0.22809623758 0.165070870748 0.120113993981 0.250963350565
156 1716 0 0.0 nan 0.623560357995 0.0579458619622 0.229609374582 0.0347930274811 0.288442397655 0.0610814096286 0.367346611306 0.167784335102 0.383707279986 0.382792094072 0.202853762173 0.144856719176 0.13796014201 0.261966531413
157 1727 0 0.0 nan 0.609259797097 0.0622542229012 0.238907271642 0.0518787819266 0.271887918392 0.0644303378555 0.375870394093 0.174180602396 0.383689601023 0.417456390287 0.193564844826 0.146061530843 0.139084168971 0.24576757287
158 1738 0 0.0 nan 0.60166401554 0.0916025286347 0.231734363046 0.0702402351262 0.280164311523 0.0858017900825 0.383512213559 0.179152028956 0.347295575284 0.424047237283 0.162522271413 0.14435168702 0.147089991489 0.24094149917
159 1749 0 0.0 nan 0.590404063412 0.0994726696403 0.259336661289 0.0654352223237 0.266977463569 0.0753440724792 0.371404648404 0.156786985808 0.366294428429 0.4032221053 0.211230712801 0.161440889338 0.154790148293 0.21216372075
160 1760 0 0.0 nan 0.584415328438 0.0952885590623 0.261534255938 0.068273508587 0.219814103607 0.0677886531442 0.37601510614 0.15473164215 0.392722162418 0.395909454513 0.216106822039 0.136314723112 0.147235114376 0.18261584074
161 1771 0 0.0 nan 0.600966431082 0.0632313567245 0.27732839546 0.0720275936195 0.211521114542 0.06924274777 0.385675489219 0.165874604549 0.387043073026 0.439795790536 0.183560589407 0.152521768501 0.173072842831 0.189223810396
162 1782 0 0.0 nan 0.59959601336 0.0298279652995 0.256072935582 0.0657665883809 0.253404800612 0.0648577748802 0.377513394089 0.160602050384 0.370133569384 0.472008573196 0.180324921359 0.168179137189 0.207704513637 0.165019718295
163 1793 0 0.0 nan 0.563757667219 0.0177970641353 0.258493884441 0.0410119232815 0.260369162103 0.0768961440422 0.355079253828 0.16260799898 0.390667825477 0.48060322553 0.157132631419 0.188230455479 0.253896932443 0.117076148292
164 1804 0 0.0 nan 0.568786567534 0.0542124691132 0.257018448362 0.0670963417736 0.253059937213 0.0739644308098 0.340696220537 0.150682386921 0.413088965823 0.503177072931 0.162948958675 0.203156159133 0.24593593104 0.098500154525
165 1815 0 0.0 nan 0.562566370541 0.0662975334685 0.27596113168 0.0518577946701 0.254138881069 0.0934430126041 0.339376216039 0.124213590546 0.456395368921 0.514640599367 0.167300659827 0.167225741903 0.200362771201 0.104027792794
166 1826 0 0.0 nan 0.573041085813 0.0800690888188 0.320285959584 0.0672559086413 0.265454358156 0.0992840229204 0.346870638869 0.154108290474 0.456082224813 0.517971205591 0.19858037461 0.178201060044 0.185926341731 0.124618515958
167 1837 0 0.0 nan 0.537485643571 0.032921328235 0.258597673204 0.0451267147815 0.263400127342 0.0700797894485 0.353078099986 0.118047948198 0.410814082721 0.480534808068 0.171424807947 0.191306285977 0.186040195466 0.0882541466166
168 1848 0 0.0 nan 0.524576720981 0.0389977689681 0.23539731723 0.0628201526273 0.290439442741 0.0689213665016 0.34832953331 0.102782343249 0.385430927862 0.463325101999 0.218113827735 0.185316202071 0.160657081618 0.0869219414184
169 1859 0 0.0 nan 0.542595233926 0.0528090998977 0.225886303701 0.078039804483 0.268537709995 0.0506063670502 0.338888614458 0.116489075572 0.328339415868 0.45217582148 0.227134913641 0.198032628823 0.174825231674 0.0952321412766
170 1870 0 0.0 nan 0.510976994804 0.0626692252852 0.217624946303 0.0845993591391 0.268219227722 0.0372522261799 0.314631419387 0.128948890337 0.341590738256 0.451662578162 0.25282861789 0.222035716109 0.179033921326 0.0762570672054
171 1881 0 0.0 nan 0.517937917083 0.0780470216505 0.220973242496 0.0891574373467 0.271182732795 0.0412026066067 0.344340569493 0.147597218369 0.409181923082 0.437771378723 0.239457708615 0.194051869049 0.158253465033 0.0979792027675
172 1892 0 0.0 nan 0.500471884554 0.0721516601462 0.241779969464 0.0867288371791 0.275953103911 0.0414561355893 0.327991403405 0.130187249365 0.372226060168 0.491593950285 0.211927053708 0.214634986311 0.194664916242 0.0550870348243
173 1903 0 0.0 nan 0.483001328316 0.0578021334969 0.214575045959 0.081609651194 0.32833194968 0.05429992983 0.322313645016 0.116876029521 0.342353074685 0.480631951034 0.204460015595 0.213331250515 0.212153323492 0.0668825922967
174 1914 0 0.0 nan 0.479104408751 0.0761578337557 0.214636619011 0.0819894687772 0.317114807711 0.0516642695405 0.323988418795 0.138027445021 0.355894354541 0.463576742366 0.236055881446 0.216421177127 0.20922881086 0.0609228474923
175 1925 0 0.0 nan 0.469909555775 0.0694579614217 0.181638746773 0.0627130255745 0.328456404377 0.0557947916917 0.335807500569 0.121268418301 0.395671582063 0.444967646267 0.264384077679 0.205018875841 0.172867134446 0.03434843925
176 1936 0 0.0 nan 0.47886410645 0.0945430615759 0.175176793361 0.075569938889 0.342085666311 0.0319971900777 0.315743856702 0.126733135863 0.332081142725 0.427495652383 0.309516134964 0.22713681441 0.158264722857 0.0570323303762
177 1947 0 0.0 nan 0.459636947531 0.10757850126 0.164481422245 0.0726962401696 0.330719119618 0.0252503509112 0.30517472408 0.138034956788 0.302597485014 0.404440500232 0.322088777773 0.231858288194 0.162468629812 0.0801610729303
178 1958 0 0.0 nan 0.425033496546 0.100099946014 0.194894230323 0.0604706552204 0.335881906882 0.0459321764013 0.334981690782 0.144617054381 0.305253258487 0.426700260905 0.328684242419 0.209798687585 0.180604721589 0.0444881377484
179 1969 0 0.0 nan 0.451070450853 0.129631204159 0.200358604667 0.073450792227 0.296053059882 0.0480757217484 0.328622232153 0.153647721359 0.327772637876 0.386969740022 0.347976014552 0.208665027733 0.163015072666 0.0624523064937
180 1980 0 0.0 nan 0.471687041992 0.126531263827 0.203653239761 0.0957890042333 0.259795933479 0.0516641673111 0.328355886098 0.148958012849 0.309069607888 0.393366681578 0.328466523998 0.203906591744 0.16478019559 0.0811057159641
181 1991 0 0.0 nan 0.518852246349 0.135588540148 0.188296658801 0.107050770578 0.235919412537 0.0610639795175 0.339605702399 0.138362859879 0.318051830401 0.394770526498 0.33041823237 0.198162837728 0.160737807458 0.0823244324554
182 2002 0 0.0 nan 0.509474760679 0.131692062751 0.178499220628 0.0912082501984 0.243781470552 0.0644054479159 0.332280409732 0.149098054506 0.325480416675 0.402701095011 0.329790494368 0.196356545891 0.142955930185 0.107971325847
183 2013 0 0.0 nan 0.468516515177 0.0968128115065 0.177969796265 0.0889743628104 0.304644100085 0.0725336832403 0.331740379615 0.140556813304 0.297712383451 0.397833238709 0.344204827566 0.215849660425 0.108949764522 0.110784031166
184 2024 0 0.0 nan 0.47717882319 0.109368912481 0.171079146614 0.0798344944741 0.312783903687 0.0698479264605 0.325764293415 0.129027181583 0.260993139744 0.410748106032 0.357898174654 0.218222045771 0.137026579113 0.0823976787927
185 2035 0 0.0 nan 0.487078668649 0.11532608692 0.180350498006 0.0798901492253 0.323837468607 0.0804904915467 0.323189536809 0.141379523369 0.258078263394 0.430925040685 0.381497567037 0.219768088186 0.128535189371 0.080183935466
186 2046 0 0.0 nan 0.474323926287 0.118178224608 0.193078683338 0.0712073866473 0.306682476902 0.071840342393 0.318037401992 0.14849544945 0.304807849445 0.415101638768 0.3922502838 0.220739082897 0.122584843284 0.0494592346837
187 2057 0 0.0 nan 0.491597745603 0.107591368446 0.193127193816 0.0755270371596 0.285152420325 0.0689583065016 0.318383255131 0.142507811443 0.288795814023 0.425795229817 0.379526373817 0.215701143109 0.125828037974 0.038559502701
188 2068 0 0.0 nan 0.501316433961 0.114115224234 0.202341228746 0.053160113973 0.276517422663 0.0799537036097 0.339139417098 0.127979353233 0.324803997078 0.418457825488 0.366455642067 0.191646524862 0.149227529432 0.0278729925243
189 2079 0 0.0 nan 0.480234446434 0.0970802521172 0.216681784909 0.0612103931644 0.312028336891 0.0781473579675 0.337932335357 0.138027810736 0.306598215452 0.419375934681 0.355495712038 0.207698914225 0.171726155599 0.0268530522571
190 2090 0 0.0 nan 0.460948689745 0.0849124479984 0.213081936006 0.0592107463562 0.333229519616 0.0693433577678 0.32665183318 0.148946061733 0.304323416496 0.415321596579 0.342132021412 0.214195410396 0.172353434059 0.0398807702685
191 2101 0 0.0 nan 0.463956861748 0.0876569016235 0.202660718376 0.0720761981753 0.325494209108 0.0835633780207 0.3328617343 0.141612004264 0.30355762343 0.421372048946 0.336694708048 0.202501775157 0.17549885146 0.0311317401671
192 2112 0 0.0 nan 0.461722350001 0.098309327553 0.217272490354 0.0632157131678 0.316493880759 0.0888759932343 0.335170075187 0.13803935275 0.302288743203 0.411087212514 0.34352405904 0.205268119677 0.184228937971 0.0209145270094
193 2123 0 0.0 nan 0.444229024797 0.102759939354 0.207061723478 0.0626391485453 0.309849368472 0.0850429291248 0.345484005345 0.139155922733 0.316546667899 0.398189002228 0.340604804692 0.199263199802 0.195387656768 0.0115942390521
194 2134 0 0.0 nan 0.424403431995 0.0850353618774 0.197591892365 0.049524463391 0.333755757075 0.0843761790504 0.338977042724 0.145528665062 0.326059390036 0.410625025585 0.325568420405 0.207614178955 0.195378973499 0.0119260552289
195 2145 0 0.0 nan 0.426507373864 0.0751955377015 0.205870245221 0.0518712688631 0.336223031291 0.0981376701653 0.3485395944 0.148626451128 0.324083211302 0.421557374192 0.317964564506 0.19600763528 0.181809908614 0.0277343309825
196 2156 0 0.0 nan 0.421800741653 0.0682912541819 0.216448040877 0.0491370574846 0.340766472199 0.110531901584 0.345076345611 0.151048280677 0.324681750637 0.421285889496 0.306471304436 0.198933533939 0.181512357401 0.0282787687703
197 2167 0 0.0 nan 0.422807396548 0.0874819555863 0.209287302371 0.0584999560984 0.341279562659 0.105888057317 0.341590503702 0.154430441239 0.307036305545 0.409124243673 0.325777637646 0.210490038794 0.187568497331 0.0249400522723
198 2178 0 0.0 nan 0.415213877039 0.0731283156752 0.215521382868 0.0635865921647 0.34522484491 0.12705647286 0.34082117721 0.149058821131 0.290522269858 0.406752590702 0.311914940176 0.211834256864 0.195744292135 0.0207345983987
199 2189 0 0.0 nan 0.423058367616 0.0825929651306 0.215512220939 0.0545252194664 0.336484176803 0.129879659733 0.335483287224 0.148729811703 0.284918621627 0.418824348954 0.303045223588 0.212715915579 0.201694088152 0.0314564341851
200 2200 0 0.0 nan 0.420508972686 0.0897658657208 0.214699126582 0.0544206153983 0.339055717201 0.127165250457 0.331473035643 0.154195266231 0.296197471014 0.408561149124 0.302470144262 0.209713319041 0.207745348366 0.035530471304
201 2211 0 0.0 nan 0.407928172257 0.0958754259363 0.216712263761 0.056310999022 0.354461648976 0.134456833247 0.333547826915 0.161062210731 0.281638222779 0.389592150932 0.319387687347 0.211489917094 0.206450930251 0.0319350132745
202 2222 0 0.0 nan 0.418081907491 0.0861366883935 0.231555094661 0.0605938135684 0.352313472946 0.143447105936 0.345215169067 0.166593791865 0.269656984148 0.405675630171 0.3108052202 0.20324344067 0.188463593033 0.0438400975962
203 2233 0 0.0 nan 0.416695384975 0.0815811836718 0.23983043315 0.0724118126511 0.353812239135 0.157196032945 0.340589250263 0.169479405666 0.273176012463 0.412806050883 0.313235078165 0.201346157086 0.186540224396 0.0390221677411
