% # columns=["iteration, evaluation, sigma, void, void,  stds==sigma*sqrt(diag(C))", seed=651053, Thu Jun 15 14:48:12 2017
0 0 0.25 0 0 0.25 0.250000892859 0.250001785721 0.250002678586 0.250003571454 0.250004464326 0.2500053572 0.250006250078 0.250007142959 0.250008035843 0.250008928731 0.250009821621 0.250010714515 0.250011607412
1 11 0.224635656375 0 0 0.222287676224 0.223429737197 0.22316252561 0.22275074422 0.222868712111 0.223411821484 0.22322802621 0.222388775335 0.223313906872 0.222466476372 0.222908887681 0.222785210444 0.224446418966 0.223139639356
2 22 0.224098652671 0 0 0.219778920536 0.219506377125 0.225123673217 0.224695422664 0.219276661039 0.218011070207 0.221725181461 0.221325420381 0.22104185347 0.220913058334 0.225959990997 0.224873311684 0.225705165523 0.224493903647
3 33 0.209354391906 0 0 0.205643464568 0.20364286157 0.209530903436 0.210679730464 0.203963693044 0.202157283206 0.207896187517 0.203385909002 0.204815637747 0.205474135833 0.211618576282 0.207467223833 0.208678044481 0.207630967886
4 44 0.195302156724 0 0 0.193919118347 0.187377985302 0.197406030807 0.195516237341 0.187378802367 0.184628467781 0.192676807483 0.189047690375 0.190555620226 0.193012794512 0.196936638391 0.190846859626 0.194559768284 0.192515580948
5 55 0.188143926638 0 0 0.186425926025 0.180868413254 0.190093052745 0.186420507074 0.176291146771 0.181395451753 0.185102229995 0.181831808363 0.184967808933 0.185294463621 0.189351041352 0.184176748213 0.188118634049 0.184854861305
6 66 0.182305431907 0 0 0.181227412921 0.175727515903 0.181744815717 0.179102199782 0.16936854168 0.176325761607 0.17899806277 0.17536965145 0.17769413167 0.178728730168 0.18178607616 0.176979953158 0.183302797051 0.17860546798
7 77 0.181700127349 0 0 0.179039162183 0.176012426169 0.17897862636 0.17642813146 0.167092219084 0.176053453632 0.180658097171 0.172664696249 0.18281804875 0.178811668672 0.176695831954 0.176687711232 0.183093258901 0.178072413323
8 88 0.181481651742 0 0 0.177417886414 0.175073947606 0.176418227264 0.177965086607 0.164350543343 0.174472991169 0.179474663334 0.170771924651 0.18717480031 0.176701191425 0.176623599391 0.175767178253 0.18320415631 0.177716247071
9 99 0.193553689163 0 0 0.189311156199 0.186420845845 0.191211199727 0.189415758957 0.180861707041 0.182238998938 0.190304131925 0.184889646485 0.200835404129 0.193509858011 0.189926873624 0.191130879131 0.19455281808 0.186187572752
10 110 0.198946331553 0 0 0.193774469788 0.190295187579 0.19650211463 0.197511830891 0.187013589158 0.186169450595 0.199081519892 0.187777129827 0.207553450521 0.198625510791 0.193458494679 0.196106109304 0.199978488078 0.190299652324
11 121 0.191406148808 0 0 0.183797761674 0.183976163837 0.186730998886 0.190214178344 0.176543507627 0.177676740197 0.189019625346 0.180188390027 0.202220861238 0.187108264453 0.187095491567 0.188357267973 0.191835833639 0.183097791847
12 132 0.172224173216 0 0 0.16224759383 0.161303120874 0.16979889491 0.170477180077 0.158606618935 0.159438232092 0.169989824227 0.16114554014 0.181979072954 0.171288614826 0.164708194709 0.167984293303 0.171668023694 0.166673122721
13 143 0.160541768301 0 0 0.149829155013 0.150380757471 0.160518265923 0.163092263615 0.148694516888 0.146882564634 0.158870596865 0.15024392403 0.169024919796 0.158944743448 0.15525764821 0.157072371806 0.157849616573 0.153067604919
14 154 0.156283434238 0 0 0.14432069325 0.145352143352 0.152605621786 0.158579833514 0.14445931361 0.143179085891 0.155293218715 0.145757913033 0.16330840141 0.156173930742 0.151740114439 0.154149663714 0.153195106031 0.154051146134
15 165 0.153162222602 0 0 0.140345220563 0.141744195564 0.147929814622 0.156841120804 0.141380868153 0.139694186692 0.151903228673 0.142143696265 0.161153572867 0.152141675598 0.152322376887 0.150342319508 0.149979659756 0.150280054414
16 176 0.152261003228 0 0 0.140736766719 0.139624740594 0.146716907664 0.154172884464 0.137938527656 0.138493313951 0.150379285797 0.142107036545 0.159835155799 0.150723390314 0.15516755312 0.14849485749 0.148399567191 0.151841795915
17 187 0.153071300851 0 0 0.141917291519 0.139995466642 0.147502558408 0.158163262676 0.137636903514 0.138133727707 0.149712104287 0.142669178233 0.160165198412 0.150376126028 0.158685664449 0.14915129939 0.149047922876 0.153786706268
18 198 0.156373113519 0 0 0.143350416821 0.142254479939 0.150672776106 0.159939442975 0.140930525369 0.142439812557 0.151391087021 0.152701710931 0.160732161338 0.16263830725 0.162483705416 0.154368601744 0.150791388478 0.15929114072
19 209 0.148163571592 0 0 0.13551271838 0.135260522533 0.142295554485 0.150743425809 0.131170803554 0.134879644448 0.142909258689 0.145964398885 0.15173616214 0.155108012353 0.154376997582 0.143491330487 0.141909409503 0.14784597078
20 220 0.144563072988 0 0 0.131707724861 0.134000667069 0.13796690635 0.145875881569 0.125401228408 0.136923717882 0.139124978041 0.141899718866 0.149174517364 0.153276097141 0.149369536689 0.137780654789 0.138341669834 0.14289934791
21 231 0.147552878798 0 0 0.134365734487 0.140625647304 0.138935050084 0.148268411011 0.130784454904 0.143798704569 0.141283751765 0.143728935369 0.150720630191 0.155530981205 0.150296531369 0.139739844887 0.14108239701 0.144563381787
22 242 0.148672874671 0 0 0.135622632123 0.143648301816 0.136660140812 0.149989455025 0.135354680803 0.145070974636 0.141833800718 0.144099057901 0.15208918988 0.155214384833 0.15009934751 0.138911617125 0.14244577588 0.145015774723
23 253 0.156887355333 0 0 0.142736100826 0.152369504509 0.141298133277 0.157635208239 0.143077295998 0.154737578994 0.148804075948 0.152737295811 0.163397527395 0.164261299629 0.158852148668 0.147341898211 0.150032759895 0.154984052206
24 264 0.164557714323 0 0 0.149496272111 0.161985855476 0.149695616725 0.164184044692 0.14996626886 0.166942753775 0.155641457447 0.159520148244 0.170859886906 0.172384888668 0.165698593668 0.153469590055 0.155369429075 0.163294249464
25 275 0.164456129067 0 0 0.149598729507 0.160947341392 0.147969289638 0.160742532033 0.148518911599 0.168906183832 0.157042031503 0.15828733428 0.174573037515 0.173196362825 0.169106953934 0.15082395498 0.155865154472 0.162369312187
26 286 0.166443396062 0 0 0.150144635137 0.161497922094 0.148779379729 0.162409683948 0.151709462867 0.170735297717 0.161331345299 0.16055942473 0.176688285225 0.17404905183 0.169979952977 0.151959666506 0.158869907422 0.163908575223
27 297 0.166837447572 0 0 0.151379963437 0.160317078357 0.150528270351 0.163154018305 0.149222000333 0.17035052312 0.163105723126 0.16222237268 0.176125784146 0.173829958523 0.170387099603 0.151513013593 0.159475090006 0.163700699508
28 308 0.171557301606 0 0 0.156963963168 0.162455518527 0.155794502305 0.166468079499 0.150973458821 0.175830072314 0.17064629256 0.164171600137 0.184612828449 0.178971625758 0.174662362982 0.156794016147 0.161244329399 0.169880385624
29 319 0.169318241517 0 0 0.154184783468 0.160807081753 0.154031930336 0.163470069201 0.148996360402 0.173861058081 0.169578607214 0.161146418694 0.182990407943 0.173614231283 0.171655965174 0.153705366532 0.158197208755 0.168448551951
30 330 0.167823494609 0 0 0.152054863559 0.157860092871 0.152399111489 0.161688312609 0.146987707291 0.17153017216 0.167059216218 0.15771130854 0.182640047249 0.170857937157 0.169690218593 0.158437340065 0.156692257021 0.166787448189
31 341 0.161324999643 0 0 0.144828071469 0.150518210256 0.144775187866 0.157310810222 0.139194818782 0.163615274974 0.158751919539 0.151279569061 0.176983108284 0.164217532425 0.162651625672 0.152377964058 0.150003247024 0.159344809572
32 352 0.162119423299 0 0 0.141700752271 0.146184428114 0.144610947086 0.159378093666 0.142715172141 0.163082131106 0.159491968876 0.153194218445 0.178539975127 0.168593029853 0.164572815641 0.154442758698 0.151174428433 0.15971856823
33 363 0.158106709796 0 0 0.137945137397 0.142384426625 0.141188359709 0.154693827473 0.140270403287 0.158816090278 0.152756694372 0.148456386938 0.172587949166 0.164813107163 0.159511445941 0.148838017181 0.147225427089 0.155551446356
34 374 0.154512931018 0 0 0.133893840325 0.139333905283 0.138429242782 0.149520472306 0.138089832822 0.155690128829 0.145729779156 0.147580937131 0.167788157883 0.161665223233 0.155181710465 0.14556671774 0.142439265292 0.15162604623
35 385 0.147215234554 0 0 0.126875858876 0.13186015448 0.131843525528 0.145096289949 0.131724267043 0.147343139725 0.136614431072 0.140224854023 0.15581450165 0.154501999078 0.147625006293 0.138558813574 0.13574053923 0.14576152066
36 396 0.148207517391 0 0 0.127345606228 0.134979318341 0.132996781509 0.144680625163 0.135348409474 0.149176557916 0.137424649753 0.144071506826 0.156931001368 0.155157152234 0.147099044315 0.137482148642 0.135617485374 0.145288288688
37 407 0.140857307155 0 0 0.120666276531 0.128060056069 0.125284836685 0.134765457499 0.130554458794 0.14142653554 0.129338455494 0.135679109593 0.14792971415 0.146464649876 0.139505075563 0.129098314165 0.128619915846 0.138271801392
38 418 0.139775853973 0 0 0.118219039399 0.128165933118 0.123231182725 0.132464537934 0.129253709055 0.139635184977 0.129293451817 0.134295040199 0.147155651944 0.144438776267 0.137484448715 0.127412224716 0.127106881896 0.136512961509
39 429 0.137953609043 0 0 0.116967592462 0.122908645801 0.121360335312 0.129116572978 0.127441705703 0.135002160333 0.127024627637 0.130632545361 0.147247871586 0.140942216272 0.135323757811 0.125223061398 0.124834190679 0.134860562237
40 440 0.12854110828 0 0 0.107197535957 0.113737198149 0.112998124958 0.12137765949 0.118298740682 0.126395338263 0.117767010976 0.121730975056 0.136281521675 0.129864112973 0.125582999618 0.116266951355 0.116449314429 0.124189832584
41 451 0.11905389713 0 0 0.0978884291369 0.10484501375 0.103773132173 0.112552005825 0.109878223202 0.117180045774 0.107510745699 0.112246330227 0.125203121255 0.118556443307 0.115740091547 0.10705014829 0.107240502154 0.115356175244
42 462 0.106107200387 0 0 0.086984487046 0.092089003015 0.0919816663601 0.0990141104045 0.0967339607794 0.103209590253 0.0943184835025 0.099340991759 0.112701561551 0.104769203801 0.102796534062 0.0947337913959 0.0959149537071 0.102270543019
43 473 0.0953347266897 0 0 0.0778798283423 0.0827755089017 0.0817515968411 0.0883719946192 0.0862064329843 0.091375320966 0.0846758459549 0.0887329172954 0.10112842079 0.0934234938481 0.0911735704212 0.0853667068992 0.0849321130572 0.0920635446799
44 484 0.0886755226258 0 0 0.0723790516725 0.0764142026898 0.0754985106582 0.0811609184819 0.0804236629296 0.0847950284494 0.0779510830641 0.0810444258924 0.0938931408495 0.0869697984262 0.0852535317057 0.0787966202097 0.0788989041286 0.0844381658916
45 495 0.0881683787606 0 0 0.0719225093235 0.0762675598067 0.0741974801987 0.0833903152817 0.0809622818483 0.0845039510081 0.0775962243676 0.079586795892 0.0921704717664 0.0861271204635 0.0846690647994 0.0774883737557 0.0785969939015 0.082197972861
46 506 0.0847425781823 0 0 0.0692028371768 0.0723548719831 0.0714737333919 0.0798803531292 0.0779057560506 0.0810418932868 0.0742595217867 0.0760611396117 0.087582837361 0.0841538416768 0.0809556804444 0.0740050698968 0.0754885635372 0.078123420098
47 517 0.0864588394394 0 0 0.0708421097792 0.0790885188305 0.0728215290779 0.0815597497518 0.0795465237536 0.0833209352513 0.076045168978 0.0770867713841 0.0893352012839 0.0857517239435 0.0820692751518 0.0746110594273 0.0762960664078 0.0803730897162
48 528 0.0860965563622 0 0 0.0703833620708 0.0783489427076 0.0720267768771 0.0806344821041 0.0790152155002 0.08366850408 0.0742677842117 0.0766895510312 0.0889321883154 0.0849784125944 0.082565781461 0.0740164385098 0.0757020445438 0.0800898975474
49 539 0.0837793207516 0 0 0.068590283744 0.0762795894628 0.06969296295 0.0779793667536 0.0766650597164 0.0817129265957 0.0719828334549 0.0729461153926 0.0857155555836 0.0824160008182 0.0806237198473 0.0724719784712 0.0726563013514 0.0789657017511
50 550 0.0833157396629 0 0 0.069872751371 0.0750723083952 0.0687662416579 0.078148030846 0.0753568286928 0.081882860688 0.0711142803799 0.0732036876377 0.085556960983 0.0817118758508 0.0790465104676 0.0709005366016 0.0722389244815 0.0798166080805
51 561 0.0847697579691 0 0 0.0708966098297 0.0762277823829 0.069889607099 0.0781919825403 0.0767447247633 0.0833133412415 0.0722464944989 0.0744430079821 0.0859721453499 0.0820828188018 0.0801757272647 0.0710505516394 0.0734737212039 0.0822386510999
52 572 0.0855624251895 0 0 0.07132234716 0.0770936394757 0.0708810709468 0.0786921389176 0.0788496572016 0.0830530709284 0.0727481902193 0.0758495862331 0.0857752872146 0.0823704555106 0.0818504429122 0.0706814522979 0.0740147239753 0.0834616409251
53 583 0.0839304956961 0 0 0.0715372595366 0.0751895182529 0.0692945219639 0.0776223301414 0.0762809598556 0.0812787813637 0.0705170882104 0.0747049501446 0.0836737112387 0.0806626615267 0.0801686577257 0.0686574246308 0.0722065338385 0.0824205369261
54 594 0.0851983589151 0 0 0.0720245746535 0.0760174572959 0.0696438614524 0.079184692241 0.0774920244864 0.082595166159 0.0714811161238 0.0741989239197 0.0845263883707 0.0813874824049 0.0811644483071 0.0700632305729 0.0730385732621 0.0854838457273
55 605 0.0825910809462 0 0 0.0696854171228 0.0739143056471 0.0665432482237 0.0767498464654 0.0739749739119 0.0805234479408 0.068596378784 0.0714895600954 0.0814632513936 0.0791002043302 0.0789437271814 0.0668137375921 0.0716501917562 0.083531140648
56 616 0.0802327197979 0 0 0.0663927868821 0.0724555155393 0.0647608645117 0.0742394805047 0.0719230660565 0.0776175175607 0.0663832051732 0.069537410759 0.0798081351787 0.0768862469631 0.0763445220515 0.0645079306937 0.0684271740783 0.0803104896186
57 627 0.0773925273178 0 0 0.0638850316561 0.069508183281 0.0621259107106 0.0715258915175 0.0681845208125 0.0747198913807 0.0637334218543 0.06831909617 0.0763055133667 0.0731581607618 0.0733040006478 0.0624185930456 0.0660007482217 0.0771366404831
58 638 0.0743437085216 0 0 0.0603881760139 0.0665134560552 0.0598173965998 0.0684589923994 0.0644641244561 0.0718000805987 0.0608779599234 0.0650750078766 0.0729715289139 0.0714880262749 0.0695950399148 0.0600280716855 0.063522419996 0.0736645569869
59 649 0.0716043343502 0 0 0.0579621358238 0.0641456024776 0.0582461474925 0.0641670336029 0.0620668172132 0.0692052473692 0.059421127104 0.0628972129058 0.0704498314619 0.0701374019989 0.0663967208851 0.0570835175534 0.0610271689029 0.0685742660033
60 660 0.0680616848243 0 0 0.0551739222029 0.06066829355 0.0551820031228 0.0603241238496 0.0584478577512 0.0664195730436 0.0557296968128 0.0596855646205 0.067129235982 0.0666196625456 0.0622997300383 0.0539715191668 0.0575020188547 0.0652620722858
61 671 0.0684534364322 0 0 0.0553931632791 0.06001377564 0.0553966579031 0.0608583743074 0.0588067983312 0.067018640706 0.0557869889468 0.0597147039314 0.0679522520794 0.0670414513645 0.0632324290199 0.0538743161347 0.0577606750109 0.0655921436146
62 682 0.0682464062649 0 0 0.0559206124089 0.059764659334 0.0551051348762 0.0600737907722 0.0581471306951 0.0674693864629 0.0556724919624 0.0574967836108 0.0684883613828 0.0660039222896 0.0632720495895 0.05271445969 0.0585091944993 0.0653133047934
63 693 0.0657356311378 0 0 0.0538037596169 0.0576405144595 0.0528522182245 0.0581333850736 0.0557979544846 0.0653727929516 0.0542947854916 0.0542010761014 0.0669214315574 0.0633729837995 0.0604256508149 0.0502687284965 0.0569125650096 0.0629350461923
64 704 0.0646561287612 0 0 0.0523896957975 0.0561916469725 0.0513218627995 0.0563911591327 0.0553219203403 0.0634075866677 0.0533959685579 0.0531639168374 0.0657671587745 0.0618356458205 0.0590275762675 0.0495207276557 0.0573170147731 0.0624301750484
65 715 0.0602327916039 0 0 0.0480550567735 0.0526208052696 0.0479560995687 0.051831581627 0.0512284016556 0.0584978007812 0.0491796011401 0.0488854120252 0.0613950990225 0.0576201926463 0.0549084554321 0.0456404523897 0.0532984245943 0.0579622729403
66 726 0.0566500712024 0 0 0.0447382639028 0.0493879595548 0.0446597772729 0.0488588329594 0.0485354305547 0.0551973403963 0.0457483214812 0.0455151371625 0.0570855405894 0.0539402088285 0.0513894197712 0.0420988910673 0.0508958090293 0.0547977330973
67 737 0.0539269750453 0 0 0.0425300056449 0.0469619259327 0.042396008666 0.0468175991162 0.0460322430557 0.0527817951867 0.0439898154574 0.04335643517 0.0532388514994 0.051828310373 0.0485668647827 0.0395980138631 0.0486302486881 0.0520047824244
68 748 0.051701023452 0 0 0.0401098319013 0.0446279541542 0.0407693266801 0.0449119244883 0.0436816259511 0.0501847194138 0.0424082276255 0.0409947477568 0.051160583481 0.049606289497 0.046515224326 0.0381151999435 0.0467782318832 0.0495140614666
69 759 0.0510903493827 0 0 0.0397380643831 0.0444626893361 0.0400603623612 0.0449866701294 0.0430260989934 0.0502913500159 0.0416085449899 0.0402835667109 0.0511897286753 0.0493477532449 0.0460030562833 0.0370826643046 0.0461943180493 0.048994481401
70 770 0.0490907211276 0 0 0.0378474269355 0.0427186853589 0.0382809165921 0.0427578187322 0.0411186515858 0.0480451845902 0.0396117741729 0.0389994905463 0.0494706878879 0.0467718061727 0.0442581768532 0.0353312406222 0.044409945402 0.0466811592078
71 781 0.0454994795159 0 0 0.035003503949 0.0395062713787 0.0352805059812 0.0397500441381 0.0378721521478 0.0442100416538 0.0365439058915 0.0353953989238 0.045837741948 0.042688256769 0.0411887085201 0.0328485389187 0.0406509502315 0.043960753909
72 792 0.0446646757258 0 0 0.034169554038 0.0384191494558 0.035023220891 0.0392312492515 0.036974858616 0.0434376182966 0.0355705123738 0.0347529918616 0.0444397734722 0.0415563732539 0.0401646801035 0.0318379276872 0.0398493676526 0.0438628120535
73 803 0.0446590950623 0 0 0.0338174067105 0.0382167586831 0.0350692392394 0.0390177317325 0.0367174721946 0.0433526850521 0.0345855050128 0.0343417947586 0.0447531932196 0.0417178517141 0.0399021693413 0.0318803887378 0.0399087895816 0.04535109939
74 814 0.0432730392387 0 0 0.032773014309 0.0373341526543 0.0338115158647 0.0377748886898 0.0351775021353 0.0417375399944 0.0333870702636 0.0335234607094 0.0434245503926 0.0402754302571 0.0385938495573 0.0311406263684 0.0379315454635 0.0440029997866
75 825 0.042748458873 0 0 0.0328474398168 0.0370427215796 0.033160168092 0.0371736092537 0.0346003586603 0.0410042647909 0.0326940498841 0.0330096344952 0.0428258449693 0.039568674519 0.0380274007717 0.0302582882053 0.0373892634806 0.0439310035278
76 836 0.0422930055724 0 0 0.0323338187889 0.0364662674557 0.0324540939539 0.0365117459685 0.0345227912829 0.0400612943222 0.0322891642648 0.0327145634685 0.0422930174492 0.0391467014708 0.0375716655095 0.0299390921435 0.0371090269843 0.0432532608783
77 847 0.0427132955406 0 0 0.0331728797924 0.0366855810946 0.0325003842977 0.0366840063529 0.034876382323 0.0405008904528 0.0334926216543 0.032654957496 0.0421888778027 0.0395201937743 0.0377851215819 0.0299977825853 0.0371900890945 0.0428530620909
78 858 0.0433770451747 0 0 0.0338896552023 0.0375499601027 0.0329966074456 0.0373638054501 0.0353532261651 0.0410923482603 0.0340699229905 0.0336936728982 0.0422813702556 0.0401343862381 0.0381968695161 0.0310595353875 0.0373525452607 0.0432964225041
79 869 0.0452574709716 0 0 0.0350722338147 0.0407760973179 0.0346218422441 0.0384871917994 0.0366825978408 0.0429581411621 0.0362045098298 0.0360642466741 0.0442623746933 0.0407142624051 0.0397901105648 0.0323981290952 0.0390079858254 0.044549444351
80 880 0.0458519077645 0 0 0.0361109112655 0.04166346574 0.0347542912879 0.038747739456 0.03612519255 0.0433269029304 0.0366275585026 0.0364437103529 0.0450568684062 0.0411510572113 0.040336726082 0.0328005847777 0.0389967119521 0.0442622476952
81 891 0.0465380585979 0 0 0.0366683830038 0.0422727829953 0.0347311259011 0.0392241188981 0.0366945135276 0.0439246821946 0.0367628907074 0.036145270328 0.0467033544877 0.042249686202 0.0403843911217 0.0333483625486 0.040222738227 0.0446712901831
82 902 0.0475234438976 0 0 0.0368916442157 0.0432653838836 0.0349387993586 0.0399089735962 0.0372964686121 0.0449482761511 0.0371784368582 0.0366717910556 0.0484811699568 0.0436674252545 0.0416224364314 0.0335085993117 0.0417647667367 0.0450589205158
83 913 0.0458511094342 0 0 0.0353680803922 0.0420378155655 0.0337436108838 0.0383061653205 0.0363827811834 0.0435207236894 0.0355832583026 0.0354562178264 0.0470863462125 0.0425177851513 0.0400164930109 0.0320984175939 0.0396951151603 0.0433705108716
84 924 0.0446669957856 0 0 0.033970279013 0.0407561636241 0.0325495622555 0.0370884145275 0.0356201420281 0.0425471631968 0.0344224753826 0.0344268644644 0.0459307895947 0.0416100038822 0.0389238574635 0.0316009533411 0.0388518572491 0.0412592591579
85 935 0.0427541500762 0 0 0.0323153769433 0.0392217988859 0.0310797749939 0.0349561296119 0.0340341463028 0.0402575606429 0.0328666054281 0.0326526506064 0.0446866795922 0.0402645517493 0.0370824848872 0.0302451593621 0.0369957634988 0.0387537070037
86 946 0.0422033106701 0 0 0.0315222525752 0.0389024545399 0.0307808418527 0.0344660114897 0.0337343613828 0.0396748661502 0.0322806848353 0.0323470859954 0.045011328811 0.0395298118707 0.0367194817822 0.0299755833661 0.0363676815681 0.0380975006194
87 957 0.0420922383419 0 0 0.0313859320033 0.0396266741252 0.0305390396672 0.0340521365787 0.0341682935177 0.0395749735542 0.031965536513 0.0309858664665 0.0456093348167 0.0389520394288 0.0364249469292 0.0299792894729 0.036980959739 0.0375308553645
88 968 0.0414089558543 0 0 0.0306404454782 0.0391397870602 0.0302337400624 0.033525593855 0.0333812184907 0.0388115079183 0.0317283071166 0.0300725088321 0.0445591656415 0.0383930575006 0.035876941929 0.0294062539717 0.0365306272583 0.0360076253406
89 979 0.0404121353366 0 0 0.0298864246871 0.0382113277585 0.0301603977311 0.0329589333869 0.0327211761498 0.0375720390662 0.0306209142065 0.0296252538656 0.0440202726799 0.0373565551387 0.0351422897047 0.0287741893946 0.0353487045862 0.0348024697692
90 990 0.0425113508816 0 0 0.0317302843022 0.0397014959328 0.0331303059254 0.0342892082764 0.0341921750855 0.0404453284772 0.0319590467818 0.0311700735671 0.0452317444474 0.0393052027816 0.0371726028746 0.0303649765317 0.0367644722183 0.0367990137696
91 1001 0.0451390147691 0 0 0.0352046709017 0.0422890877751 0.0358119214084 0.0365949054073 0.0364473896319 0.0430528403357 0.0337169341862 0.032689300855 0.0480833242143 0.0415301194763 0.0395902451629 0.032480029544 0.0389628097984 0.0383293412971
92 1012 0.0427939288987 0 0 0.0336558176539 0.0401749856204 0.0341837439312 0.0353130367777 0.0344602417639 0.0399683281335 0.0320602578253 0.0311497283722 0.045105867337 0.0392751966368 0.0375526285557 0.03069377648 0.0370158551305 0.035540588801
93 1023 0.0420049105037 0 0 0.0331635417378 0.0395968123015 0.033673529024 0.0346747822621 0.0330638761657 0.0399621167735 0.0315373754374 0.0305244430412 0.0442235608059 0.0386569023284 0.0369809062421 0.030480202343 0.0360645756007 0.0345306301486
94 1034 0.0441054451026 0 0 0.0350883173379 0.0413620955878 0.0352206440439 0.0364169793916 0.0349901962603 0.0420400015698 0.0330947860948 0.0320188806388 0.0478251541464 0.0409161247836 0.03985232912 0.0319608635864 0.0380273686893 0.0357259820576
95 1045 0.0468903650578 0 0 0.0375685831149 0.0435786244689 0.0373412172094 0.0391889656196 0.0368033424887 0.044192202878 0.0359896846974 0.0339547096779 0.051086433964 0.0437185595 0.0420045157242 0.0342821582666 0.0410523224166 0.0373163675272
96 1056 0.0497635983947 0 0 0.0400422976737 0.0468055613821 0.0395040179048 0.0418349675778 0.0388969649977 0.0466843400212 0.0391191839852 0.035700932108 0.0534506843955 0.0469898262952 0.0441889463053 0.0364135083704 0.0430673408569 0.0393028695494
97 1067 0.050745427811 0 0 0.0411472175387 0.0475134959298 0.039790015758 0.0421473686047 0.0398783691668 0.0471047851971 0.0404787065562 0.0365210024725 0.0539615549232 0.0481873407872 0.0453230235546 0.0370054601203 0.0438256735428 0.0396807020405
98 1078 0.0487628405885 0 0 0.0393210504347 0.0456225977315 0.0383435672624 0.039846554049 0.0382180455445 0.0441667844618 0.0388254347716 0.0348010985406 0.0519593531275 0.0468888384437 0.0432546455478 0.0355340355175 0.0424431628371 0.0377063795964
99 1089 0.0465491671491 0 0 0.0370528117411 0.0426527962638 0.0369978064823 0.0377430675532 0.036153848495 0.0417845965973 0.037101563233 0.0331537091711 0.049898689852 0.0443509550589 0.0413831548856 0.0337159570502 0.0406269706624 0.0362235271587
100 1100 0.0447125192063 0 0 0.035500288733 0.0405119896145 0.0352165524051 0.0357650521094 0.03461132579 0.0397262698986 0.0360980751406 0.0316687701894 0.0478001930659 0.0422450352088 0.0394235760728 0.0320122865354 0.0390181055004 0.0347033561887
101 1111 0.0436065033237 0 0 0.0347021328426 0.039578478381 0.0342952788399 0.0345009022142 0.0337130688996 0.0383760676676 0.035142393787 0.0302910136261 0.0465545171715 0.0412099130609 0.0383778754785 0.0312271358796 0.0374445567297 0.0344063984087
102 1122 0.0437675927176 0 0 0.0342367787799 0.039771746964 0.0345973912113 0.0339299185388 0.0337970153205 0.0386981018928 0.0357236406245 0.0299032648907 0.0460981207558 0.0413762469089 0.0382772823617 0.0307791199616 0.0386698004367 0.0346003413071
103 1133 0.0450258777923 0 0 0.0349159137743 0.040704486242 0.0356298245971 0.0345642623082 0.0346630216514 0.0399607862888 0.036858356227 0.0305412572628 0.0470995060055 0.0423266234722 0.0394701398582 0.0316140375479 0.0396432203055 0.0359449779791
104 1144 0.0459142975086 0 0 0.0361589789937 0.0412323826599 0.0356729960455 0.0351704436325 0.035516807942 0.0410621685494 0.0373487359831 0.030983676922 0.047903107563 0.0427914330777 0.0398170944269 0.03213933607 0.0403226390216 0.036748006228
105 1155 0.0468037542666 0 0 0.0366623737375 0.0424333320163 0.035756720162 0.0361792787269 0.0378558622079 0.0420534536589 0.0371891882201 0.0314497684756 0.048550915006 0.0433887036482 0.0402931963297 0.0324932055561 0.0411054520711 0.0373736564539
106 1166 0.0486640476011 0 0 0.0381266527057 0.0447420502837 0.0371523229455 0.0371796391818 0.039783410773 0.0431268406414 0.0392753715119 0.032688438824 0.0504234296985 0.0451609066977 0.042328122937 0.0336228775854 0.0427590104275 0.0395600147729
107 1177 0.0492328544929 0 0 0.0386063772788 0.045201887487 0.0376590699262 0.0377895961659 0.0394887208573 0.0433725510367 0.0410233662715 0.0325117229256 0.0512444239757 0.0453491239857 0.0423082032398 0.034065012385 0.0427566563445 0.040500244206
108 1188 0.0496896277707 0 0 0.0384211296858 0.0457201439473 0.0379221518755 0.037559914705 0.0408001395989 0.0438161890481 0.0414298349018 0.032207138895 0.0532939590751 0.0458520278313 0.0428765814149 0.0343757217036 0.0428760938498 0.0407915125897
109 1199 0.0525319912856 0 0 0.0402192985199 0.0483079106918 0.0400515755167 0.0398542316368 0.0456585674146 0.046608163452 0.0435704219474 0.0339984220965 0.0569408980678 0.048366593203 0.045101750745 0.0359634373758 0.045716249922 0.0427110589212
110 1210 0.0512438303009 0 0 0.0392088532687 0.0464683333597 0.0393810632614 0.0387815817532 0.0452804157851 0.0456127825849 0.04275683239 0.0332302967886 0.0549552121559 0.0466832472452 0.0433422865816 0.0349911352802 0.0441376727399 0.0412999256294
111 1221 0.0490367365051 0 0 0.0371878891071 0.0442381941107 0.0376123341882 0.0367696472644 0.0434524061386 0.0430770374492 0.0408425208963 0.0322540558654 0.051956205865 0.0445760497037 0.041007836468 0.0331837070309 0.0417943429621 0.0396981878684
112 1232 0.0469263458843 0 0 0.0347884999961 0.0423453917751 0.036105535485 0.0353655106218 0.0415690106407 0.0412103607722 0.0387076255148 0.0308754556194 0.049765429537 0.0430662577321 0.0394242450468 0.0313857352985 0.0405082155571 0.0378839642251
113 1243 0.0433939078218 0 0 0.0318898868952 0.0391819538002 0.0334253087721 0.0326173927993 0.038213399127 0.0380213512092 0.0355390086011 0.0286185676454 0.0455891218743 0.0402824510187 0.0363551405917 0.0293204611398 0.0370907455249 0.0347923875526
114 1254 0.0433779122875 0 0 0.0318031131703 0.0390335425383 0.0331097608945 0.0323335142084 0.0380718656983 0.0377033413787 0.0366053420631 0.0283072636474 0.0461586685353 0.040533926957 0.0361593708588 0.0294097199445 0.0375031283844 0.0348425441248
115 1265 0.0441749590404 0 0 0.032120134212 0.0403676787691 0.0335581227939 0.0325496294483 0.0383853875084 0.0378794701906 0.0374881886783 0.0288475663797 0.047861550215 0.0412115503159 0.0365938271598 0.0300203331972 0.0380475828037 0.0358598068151
116 1276 0.0460741952632 0 0 0.0334988174819 0.0417539068509 0.0350240381492 0.0338465541407 0.040287260932 0.039996781748 0.0387867286799 0.029967546009 0.0498537423874 0.0438153495424 0.0384794078842 0.0326499497129 0.0397313312928 0.0379171551855
117 1287 0.0479314421052 0 0 0.0351756308456 0.0431265637533 0.036075214997 0.0352591936082 0.0414962744481 0.0416648693527 0.0406821127548 0.0317045336401 0.0517778119542 0.0462188576625 0.0404302481649 0.0345575309184 0.0412960825576 0.0393400685439
118 1298 0.0491806486061 0 0 0.0362249777683 0.0438959133242 0.0369258400929 0.0362497898572 0.0423138293237 0.0438263431841 0.0419280257755 0.0334916949668 0.0530000675501 0.0472856904938 0.0413183136893 0.035729956953 0.0421930135156 0.0399607791838
119 1309 0.0491544541637 0 0 0.0364975549457 0.0440478723527 0.0367601589411 0.0364235328405 0.0419783853379 0.0440086992176 0.0417821014081 0.0334524954902 0.0529046319733 0.0477763738184 0.0411030327333 0.035308778445 0.0417326327941 0.0396359869662
120 1320 0.0490253346302 0 0 0.0365394985957 0.0435329229595 0.0361446522482 0.0363444597063 0.0418590801973 0.0435271505465 0.0422062072708 0.0336318133479 0.0532247078358 0.0476413208939 0.0411084064406 0.0353183124956 0.0414785503483 0.0392287274055
121 1331 0.0493399546211 0 0 0.036855197246 0.0435545210935 0.0368208164207 0.0359879722906 0.0417866991844 0.0434117353557 0.0434854592026 0.0337702154143 0.0545013806721 0.0477619417705 0.0414268091841 0.0354329455567 0.0411967932824 0.0391065845243
122 1342 0.0489335514561 0 0 0.0363361407246 0.0427735957806 0.0364727064854 0.0354282540607 0.0420123618421 0.042953123608 0.0438330784725 0.0335120012222 0.0547524831463 0.0470624668555 0.0410824648214 0.0350750605107 0.0407448013863 0.0388893726123
123 1353 0.0480268953077 0 0 0.0357885182321 0.0416065163889 0.0357679552302 0.0343919787249 0.041337763716 0.0425624071967 0.0424417914063 0.0330387581111 0.053501142968 0.0456415325597 0.0401743108718 0.0343780480492 0.0398540951511 0.0381360582006
124 1364 0.0453977230939 0 0 0.0340008201781 0.0395837812592 0.0337441608643 0.0323503419847 0.0391367376025 0.0402395188841 0.039769461895 0.0313018285275 0.0502233406336 0.0429906207278 0.0371517313796 0.0324505826005 0.0375275748358 0.0360847990381
125 1375 0.0471808672918 0 0 0.0354937072055 0.0404308667404 0.0354491651043 0.0338583012311 0.0408250581066 0.0420175745853 0.0408577641313 0.0322957190542 0.0523461160708 0.044889052624 0.0381443963728 0.0337879535469 0.0394037039741 0.0377337288785
126 1386 0.045510729792 0 0 0.0341305409769 0.0388923534973 0.0340786703215 0.0323822638958 0.0392731816935 0.0399454543883 0.0391451854097 0.0313636677254 0.0507438892298 0.0433552777988 0.0361109644499 0.0325401488782 0.037741321227 0.0364038313526
127 1397 0.0452600354068 0 0 0.0344304196654 0.0387219501183 0.0337017144718 0.031856771066 0.0388346456043 0.0393031441573 0.0384725883597 0.0310314240222 0.0506957217715 0.0433623473075 0.0358635508411 0.0325818406165 0.037040550435 0.0365609866523
128 1408 0.0444151665828 0 0 0.0336976703651 0.0378756123434 0.0326929129153 0.0305629503805 0.0377194474737 0.038600857158 0.0378448334481 0.0303436170324 0.0490861913946 0.0425715898159 0.0351579736214 0.031880498552 0.0365507435597 0.0357619438936
129 1419 0.0456036065283 0 0 0.0345510643068 0.0387000771224 0.0340233902389 0.0315386041325 0.0385829750557 0.0389034171428 0.0383157096309 0.0315183873942 0.0509381411347 0.0437392255989 0.0357138316447 0.0328017105112 0.0371814108114 0.0367896056739
130 1430 0.046611271571 0 0 0.0353759647333 0.0395053546224 0.0346963544273 0.0322699004171 0.0390097022088 0.0391629691664 0.038958402646 0.032035005403 0.0521962063402 0.0444452594648 0.0368275302061 0.0337633269546 0.0376887909794 0.039038671253
131 1441 0.0475508479367 0 0 0.0362773617575 0.0399353869142 0.0351232587687 0.0329710870793 0.0390447230144 0.0394722709008 0.0407283090399 0.0323287119711 0.0535997227838 0.0451181160398 0.0375703807398 0.0342881532815 0.0386005481591 0.0406887083859
132 1452 0.0474396482119 0 0 0.0363593765466 0.0408221241565 0.0349618017044 0.0323872461482 0.03894325391 0.0391883667524 0.0405911324022 0.0316623690297 0.0534985904862 0.0454508124103 0.0373785303814 0.0334448123667 0.0391010645313 0.0406780682577
133 1463 0.0490777844331 0 0 0.0372054993775 0.0418380955294 0.0357827738618 0.0334074609459 0.0409856193785 0.0400834850929 0.0419980577225 0.0328977586429 0.0550033826196 0.0469116608758 0.0385307780875 0.0347970679606 0.0408012431527 0.0418550132572
134 1474 0.0481672147039 0 0 0.0366985327428 0.0409480931532 0.0345723853763 0.0326830999411 0.0403270618644 0.0388640397127 0.0409864767461 0.0325818704347 0.0535419358638 0.0459977564124 0.0375091816511 0.0347372900678 0.0401279034676 0.0406732404417
135 1485 0.0469612688189 0 0 0.0355972251018 0.0396887866343 0.0338107109907 0.0316723220843 0.0397270465736 0.0376530114401 0.039362984391 0.0319116749423 0.0533810885002 0.044287202215 0.0363590613249 0.0336991536669 0.0389402835304 0.0396339634713
136 1496 0.0462568165314 0 0 0.0348952364441 0.0394518776728 0.0332233542336 0.0305766227628 0.0388861899183 0.036929819669 0.0380319497239 0.0312154454349 0.052887576922 0.0432997651286 0.0352851128791 0.0331875938948 0.038148486646 0.0389658569343
137 1507 0.045683349863 0 0 0.0347792397133 0.0386238291742 0.0330680782455 0.0294375492964 0.0387852634626 0.0361429147157 0.0378339513328 0.0305368797625 0.0525639893846 0.04282778534 0.0348998273667 0.0326082315836 0.0376023420093 0.0380262887992
138 1518 0.0462661343072 0 0 0.0346634399337 0.0390345669341 0.0335668266203 0.0296465416853 0.039956068247 0.0363289346865 0.0382715045937 0.0312540881201 0.0528849743401 0.0433759473318 0.0351700264177 0.0325163266403 0.0382137841474 0.0382738276731
139 1529 0.0446966035161 0 0 0.0332089262814 0.0373976720113 0.0331455847913 0.0285124153808 0.0388853227778 0.0338392783575 0.036670654972 0.0301689735143 0.0506612176932 0.0425186243944 0.0332453737426 0.0314102635579 0.0360529495907 0.0368831926923
140 1540 0.0452233188034 0 0 0.0332793846192 0.0374044466654 0.0353055133705 0.0285594377371 0.0393068959273 0.0357723454254 0.0367290154799 0.0303416241929 0.0512563518318 0.0433661932396 0.0334836487519 0.0313396655867 0.0369412243598 0.0379245884081
141 1551 0.0451204233795 0 0 0.0331021520438 0.0368086253667 0.0353259695642 0.0289113588036 0.039076340219 0.0359324261322 0.0366587782395 0.0302584109207 0.0504474924422 0.0426771237329 0.0332829963721 0.0307864847708 0.0364536007876 0.0387655889862
142 1562 0.0446715042278 0 0 0.0329023612268 0.036376913146 0.034408365257 0.0283528387571 0.0385136501031 0.0351409883287 0.0360696196774 0.0298601813601 0.0495858096844 0.0419695835024 0.0331645888926 0.0304205588359 0.0360984930282 0.0389403404492
143 1573 0.0463404266733 0 0 0.0338833582364 0.0376733908018 0.035413383714 0.0295806101726 0.0402907279342 0.0365274760998 0.0372858755542 0.0306650447657 0.0520946954457 0.0442177365815 0.0346574769497 0.0314263988086 0.0376706897045 0.040388610666
144 1584 0.0466354500761 0 0 0.0338739360785 0.0378134187903 0.0355541675168 0.0297626043528 0.0409856132707 0.0366457887621 0.0374202180083 0.030869548954 0.0532901180677 0.0445240259 0.0350041480254 0.0314436856277 0.0372874597377 0.040751973665
145 1595 0.0453017955709 0 0 0.0328569673047 0.0366701553267 0.0346362873114 0.0288121413149 0.039489529774 0.0355148665765 0.0362937058806 0.0302038693944 0.0526468631729 0.0428983637618 0.0337521469693 0.0304878496186 0.0362699089762 0.0392893000314
146 1606 0.0437399155639 0 0 0.0313687414096 0.0352308507202 0.0333907112508 0.0271953340809 0.037859615749 0.0343659352324 0.0350647834904 0.0292157796679 0.050503154268 0.0415444142278 0.0330801317915 0.0293141173322 0.0343839767078 0.0388107597852
147 1617 0.0426622154841 0 0 0.0306811728185 0.0347111768601 0.0324347549482 0.0264902473988 0.0367358563929 0.0333133129772 0.03331395321 0.0284894596234 0.0494055900893 0.0414328207031 0.0323609519148 0.0287140121871 0.0341681169437 0.0379546859588
148 1628 0.0424285536276 0 0 0.0304063982621 0.0344640237742 0.0329388215281 0.0263492453608 0.0368035071424 0.0333008539881 0.0326457318111 0.0277303156342 0.0488468006566 0.0410906428643 0.0323809045507 0.0283955477647 0.0342780128126 0.0374670074057
149 1639 0.0430602317919 0 0 0.0304746557415 0.035344303143 0.033278386418 0.0268144195001 0.037384043636 0.0334869287159 0.0329139206562 0.0277507526883 0.0493667989965 0.0417787226357 0.0329868525669 0.0286827066037 0.0345885964039 0.037396235753
150 1650 0.0445788105536 0 0 0.0315346644451 0.0376009779031 0.0343781483505 0.0276644327835 0.038829071065 0.0350751975033 0.033719195603 0.0282948391869 0.0510883942799 0.0433685043332 0.0346365486373 0.0296189920475 0.0355013818768 0.0381629192671
151 1661 0.0440994058817 0 0 0.0308439362126 0.0373829532505 0.034496689355 0.0266363291288 0.0380514337645 0.0349151589661 0.0330184788782 0.0281060834298 0.0508711038715 0.042708777862 0.0344308911748 0.0290131714327 0.0351135425246 0.0382639432795
152 1672 0.043811645224 0 0 0.030250787034 0.0370236680106 0.0341694946587 0.0260015049383 0.0373471367203 0.0346061551653 0.0324827834475 0.0283878676309 0.0503558155934 0.0420365067855 0.0342138228966 0.0287313791351 0.0352401883778 0.0381493443431
153 1683 0.0427432235043 0 0 0.0290731931619 0.036012644706 0.0332984446423 0.0250058731615 0.036043795804 0.0344012040274 0.0313354897028 0.027983756837 0.0490783700809 0.0409616434874 0.0332203652974 0.0277651296355 0.0343983361849 0.0375134090923
154 1694 0.04251620032 0 0 0.0293573237397 0.0360029161126 0.0335614896263 0.0250198804581 0.0358296807811 0.0337983318178 0.0311492233789 0.0278996995774 0.0483186357869 0.0403161028213 0.0330226110497 0.0267701302071 0.0338726783182 0.0375208745218
155 1705 0.0437664220613 0 0 0.0307099679409 0.0377904156485 0.0353618301875 0.025648799606 0.0367520460673 0.0341207555296 0.0316739711415 0.0286598812657 0.0502976087924 0.041886508004 0.0340128238215 0.0273920367376 0.03477237268 0.0386964808225
156 1716 0.044695788106 0 0 0.0321854229148 0.0394428948682 0.0363067005884 0.0260718252034 0.0374571971588 0.03432627593 0.0317798249417 0.0290815081071 0.0513054510339 0.0423038733747 0.0351922915582 0.0279694913803 0.0352505020485 0.0393474807078
157 1727 0.0446123755483 0 0 0.0328708464601 0.0391923377654 0.0359151316556 0.0259989905192 0.0373684003725 0.0335975856055 0.0313561619586 0.0288918992728 0.0514839858115 0.0425883857245 0.0353089515793 0.0279787054394 0.034652503434 0.0393246451682
158 1738 0.0474745964166 0 0 0.035469438606 0.0420075816462 0.037906352169 0.0278181044346 0.0404988827356 0.0363186294081 0.0325966692343 0.0306693143158 0.0551588472512 0.0455191590652 0.0381509747266 0.0298727742444 0.0362927035604 0.041678828837
159 1749 0.0466462776251 0 0 0.0353604565297 0.0411562345281 0.0373503523767 0.0270340393557 0.0400102809255 0.0349558311346 0.0312687896969 0.0299315757811 0.0542202134398 0.0441248083751 0.0375424364086 0.0291807676566 0.0355207966538 0.0411201239452
160 1760 0.0465698275874 0 0 0.0357329128289 0.0409516806665 0.0373216903523 0.0268345985886 0.0401619771612 0.0345021822791 0.0310565181822 0.0300533096611 0.0540831906158 0.0440566633065 0.0370716590259 0.0287349854756 0.0355159370826 0.0414446090733
161 1771 0.0458065483626 0 0 0.0350435512728 0.0403814060685 0.0364699554117 0.0263286004413 0.0396426564384 0.033521379142 0.0301188819807 0.0297781397656 0.0526203754474 0.043858600787 0.0364198887807 0.0280060715928 0.0350325774854 0.0402110595508
162 1782 0.0458592912761 0 0 0.0346457650576 0.0410445647194 0.0365409397389 0.0260859243226 0.0400582322918 0.0330877794393 0.0298951327663 0.0300291312834 0.0525473499014 0.0437527254132 0.0362638566098 0.0279648687256 0.0360286298749 0.0404702373019
163 1793 0.0494217829539 0 0 0.0380538104112 0.0440848869817 0.0390032497415 0.0284574081282 0.0428942678506 0.0361218180013 0.0320983568094 0.0321337272855 0.0561409462656 0.0476688564409 0.0394736738536 0.0301053153702 0.0404424549372 0.0449345153153
164 1804 0.0511814304657 0 0 0.0395118097383 0.0455719090347 0.0398073820655 0.0291630222088 0.0442364788815 0.0367954412149 0.0330653182545 0.0332855477267 0.0578835719734 0.0496918396196 0.0403603158546 0.0313141952262 0.0422392584905 0.047691803878
165 1815 0.0506223183995 0 0 0.0391808826378 0.0442649987697 0.0394262741883 0.0286750608829 0.0434554292847 0.0363793834012 0.0326270781293 0.0327740653661 0.0581031634803 0.0494044920513 0.039700772541 0.0312824626591 0.0420745555414 0.0477874037712
166 1826 0.0497242846771 0 0 0.0382362982554 0.0421172113573 0.0394242956065 0.0282119202345 0.0422917637114 0.0354949414227 0.0316951691409 0.032328165268 0.0578152405911 0.0483202786127 0.0389976663393 0.0306521042738 0.0412664374722 0.046979956952
167 1837 0.0477180842287 0 0 0.0368529433138 0.0403884121719 0.0384390683166 0.027291413997 0.0397341166784 0.0343179036298 0.0303886315335 0.0314474008358 0.0559297288364 0.0464358118749 0.0372770524233 0.0294732776343 0.0390745967273 0.0454608526322
168 1848 0.0476533410994 0 0 0.0368362684175 0.0401069306495 0.0387795292374 0.0271224507007 0.0396229616674 0.0342401744403 0.0301366418099 0.0317693080063 0.0558807019144 0.0464849388753 0.0377318302373 0.028521647276 0.0393145273114 0.0454597624301
169 1859 0.0477600021809 0 0 0.036694335228 0.0394118875561 0.0389126656383 0.0270039356596 0.0400358404182 0.0340609404018 0.0296963463768 0.0317967538633 0.0574026713007 0.0462764445135 0.0374103745216 0.0283997575296 0.0391824700029 0.0452543101522
170 1870 0.0486594223481 0 0 0.0376363362817 0.0401849009512 0.0396037108989 0.0276070640543 0.0407301789715 0.0348404220361 0.0300259006991 0.0322213523812 0.0579190009455 0.0461990583541 0.0378633357956 0.0292231137204 0.0394727535201 0.0453011904468
171 1881 0.0456868204037 0 0 0.0349787616464 0.0368918954339 0.0369944234055 0.0257615890581 0.0380166927482 0.0324569074781 0.028152694679 0.0301403393397 0.0539314201417 0.0429000973637 0.0354221202633 0.0276001547891 0.0368837217822 0.0423882907787
172 1892 0.0432020715054 0 0 0.0331226542748 0.0341614985859 0.0347660912322 0.0243276814818 0.0357175212835 0.0301020264302 0.0265818641781 0.0286683833333 0.0505112637456 0.0409295619586 0.033671708191 0.0260049515615 0.034837187227 0.0405527256554
173 1903 0.0418181998571 0 0 0.0324183520017 0.0331781227113 0.0334368475876 0.0231989942892 0.0355248084773 0.028776177161 0.0254652109545 0.0276845485291 0.0488221913816 0.0395791058339 0.0324925774134 0.0250026433827 0.0335777359484 0.0393094658715
174 1914 0.0389429797783 0 0 0.0300755741513 0.0302829713275 0.0312445489005 0.0214558606568 0.0330846383666 0.0266122954557 0.0232443063179 0.0260912703307 0.0453640084903 0.0369271441469 0.0301354566009 0.023236442064 0.0306591365343 0.0362147791543
175 1925 0.0389966321219 0 0 0.0302633279985 0.0302550116681 0.0324897128246 0.0215989794799 0.0335551559796 0.0265903508055 0.0231630092441 0.0261413820201 0.045574273354 0.036817548587 0.0305020237216 0.0226943233913 0.0310768316982 0.03638421677
176 1936 0.040707294532 0 0 0.0316614790464 0.0318810550552 0.0335668362581 0.0224373110347 0.0351637218429 0.0276051399333 0.0243939257505 0.0272505004218 0.0481689368997 0.0385268869578 0.0333164160736 0.0238549123956 0.0323084397948 0.0377969599406
177 1947 0.0424345996979 0 0 0.0331113702627 0.0331512429638 0.0357328057106 0.0233407122998 0.0367001106481 0.0283866490641 0.0251368257005 0.0284255770597 0.0505352118861 0.0404834147364 0.0358244189669 0.0249484503708 0.0337282039631 0.0389004806409
178 1958 0.0439614554052 0 0 0.0351779306315 0.0342922737494 0.0370798877714 0.0239067393928 0.0378546204195 0.0291387753342 0.0263994104251 0.0289612109108 0.0526026232759 0.041987073135 0.0375920884298 0.0263805222934 0.0352336811543 0.0401370864183
179 1969 0.0430271090629 0 0 0.0343722059372 0.0339553273567 0.0364285592313 0.0233905068939 0.0374478886628 0.0282922930126 0.0257708368144 0.0281971394074 0.0517237241813 0.041919914416 0.0376456051846 0.025444840659 0.034383620641 0.0391142405094
180 1980 0.0410162505061 0 0 0.0325363509665 0.032571739621 0.0345088795376 0.0223157622654 0.0360324420464 0.0268941395699 0.0243455620506 0.0268846092163 0.0495295128636 0.0400373815066 0.0363616488547 0.0239632824947 0.0324937052758 0.0372373785225
181 1991 0.0409044865121 0 0 0.0328827425043 0.0325696912597 0.0345172721386 0.0224500203372 0.0365675196448 0.0264512411816 0.0236156851917 0.0265437845431 0.0490391154928 0.0397417239458 0.0364006767853 0.0234551222792 0.0324008391363 0.0372383353806
182 2002 0.0388256170916 0 0 0.0312663729466 0.030995876558 0.0322354906497 0.0212092798488 0.0349148284922 0.0253957188296 0.0219999880318 0.0249528155017 0.0465059387764 0.0374812361281 0.0343936547318 0.0218632328601 0.0308629784805 0.0351868616118
183 2013 0.038752248542 0 0 0.0317741540713 0.0312728865309 0.0317140762189 0.0209301265216 0.0356064159455 0.0251859899835 0.021574955181 0.0248366183386 0.0463430696327 0.0379934754604 0.0348922898103 0.021471568049 0.0314745162611 0.0350982473538
184 2024 0.0371188041094 0 0 0.0303496021625 0.0294053424254 0.0304526854613 0.0198827077186 0.0339726190333 0.0240364807626 0.0205559301628 0.0237872847562 0.0445549918402 0.0363235937041 0.0338847330996 0.0205457327118 0.0301623983315 0.0338190318355
185 2035 0.037274638794 0 0 0.0302209126428 0.0292925739099 0.0303756967346 0.0198661136956 0.0339277854107 0.0241720225559 0.0204994194285 0.0238446794728 0.0452916810379 0.0373333065952 0.0342567123518 0.0204862278347 0.0299939782646 0.0337092154602
186 2046 0.0362037630852 0 0 0.0290035297349 0.0282951964903 0.0292673318746 0.0191647870267 0.0329398652475 0.023389960424 0.0196728746633 0.0229360933217 0.0444798940131 0.0360607639362 0.0338399813692 0.0199115142215 0.0290936903168 0.0327464249876
187 2057 0.0352739578132 0 0 0.0282079051393 0.0275911196756 0.028518106476 0.0188122543498 0.0325154923577 0.0227397321945 0.0192102351917 0.0221499068303 0.0422569881812 0.0352564100482 0.0329946309888 0.0193131530843 0.0282994529059 0.0318394975194
188 2068 0.0344270663607 0 0 0.0275652192505 0.0263790852556 0.0274841211114 0.0185681081481 0.0316506522129 0.0219535445932 0.0186738233138 0.021651692442 0.0414838005988 0.0340286475116 0.0318786033607 0.0192352575252 0.0277978834256 0.0312238082278
189 2079 0.032823039899 0 0 0.0262304197606 0.0249711435572 0.0262165004399 0.0177369260963 0.0303121087854 0.0209643369415 0.017771561118 0.0205697494813 0.0391450418327 0.0321076977099 0.0302242452018 0.0184052423642 0.0267436194418 0.029697547727
190 2090 0.0312195343293 0 0 0.0248651917884 0.0240601197242 0.0247438982891 0.0167716490097 0.0289666087946 0.0199828233643 0.0168786264699 0.0193340851229 0.0371728300565 0.0298627604161 0.0286840239517 0.0174429902533 0.0253707560071 0.027615611724
191 2101 0.0290573409278 0 0 0.023131863922 0.0223627916879 0.0231208391811 0.0156453510709 0.0269791210443 0.0185902746842 0.0156445575984 0.0180052574925 0.0344379201708 0.0273986477805 0.0264529193826 0.0163028213356 0.0232327957479 0.0255839794113
192 2112 0.0265143902589 0 0 0.0210402169343 0.0204723017987 0.0209483684666 0.0142318675824 0.0247132207203 0.0171127328084 0.0141542615094 0.0160209115623 0.0312567851682 0.025125900125 0.0239338385384 0.0146701935292 0.0211723850203 0.0230848764033
193 2123 0.0257102607282 0 0 0.0205729538823 0.0199034576561 0.0201554497882 0.0135799006632 0.0237169662463 0.0164594842484 0.013862475836 0.0155047976982 0.0305056672077 0.0240193767381 0.0232242673587 0.0140503800418 0.0207568256597 0.0223782173578
194 2134 0.0251921611739 0 0 0.0206070404112 0.0195430972546 0.0194194498314 0.0135173481575 0.0234410383145 0.0159514983708 0.013519033562 0.0149013624201 0.0298323140841 0.0234667672668 0.0226798197863 0.0136414280538 0.0204041810907 0.0216906774657
195 2145 0.0243962651651 0 0 0.0198313130461 0.0191628845441 0.0187444308198 0.0130130241782 0.0225231318095 0.0155456247295 0.0130282566326 0.0142321352477 0.0285940876997 0.0226934982081 0.022079695848 0.0131689668487 0.0197307153471 0.0209251291163
196 2156 0.0239289636436 0 0 0.0194265630442 0.0188065082561 0.0183144507088 0.0128852251698 0.0222798016717 0.0154671653588 0.0126860869696 0.0138130714421 0.0281749148375 0.0222212374812 0.0216394866957 0.0127754481382 0.0192749565027 0.0204709421031
197 2167 0.0221591475912 0 0 0.0178823212799 0.0175907350113 0.0167715093171 0.0118604009716 0.0207590936845 0.014439562396 0.0116438488503 0.0128492281449 0.0258728342845 0.0205907230395 0.0198802079404 0.0117027699786 0.0177703870975 0.0184094482088
198 2178 0.0228794861897 0 0 0.0182034907305 0.0181748859877 0.0172362586701 0.0123067080849 0.0212625336551 0.0155031742767 0.0119089692586 0.0132665527878 0.0267082463712 0.0211662669185 0.0205225291721 0.0119631675204 0.0184351788251 0.0186238967868
199 2189 0.0225833898112 0 0 0.0179325216701 0.0176171787717 0.0170503526625 0.0122201939802 0.0210465990272 0.0154122491277 0.0117770872548 0.0129683794366 0.0263739020505 0.0206346799323 0.0199527147889 0.0117230928761 0.0181991403691 0.0180946344908
200 2200 0.0216130233001 0 0 0.0170741984398 0.0167121472603 0.0161566526079 0.0116840502188 0.0196904978149 0.0147800435056 0.0112522624151 0.012483131103 0.0250426837265 0.0195839931224 0.0190927364909 0.0110163213499 0.017455122426 0.0172327610514
201 2211 0.0211621346088 0 0 0.0167177951127 0.0164330624654 0.0156987293535 0.0114217073939 0.0194900269437 0.0145509943704 0.0109857842681 0.0122449116273 0.0247862794834 0.0193821389437 0.0187168674767 0.0106657713062 0.0172087727976 0.0167785976471
202 2222 0.020797216147 0 0 0.016431927289 0.0161248202422 0.0157766677016 0.011175445404 0.0191364299852 0.0144167932324 0.0107897867509 0.0121186476979 0.0243146865793 0.0191907069618 0.0182984324851 0.0104482040122 0.0168544275318 0.0164831118133
203 2233 0.0214341073423 0 0 0.0167803224414 0.0163656242819 0.016372360021 0.0115650244239 0.0193708665566 0.0154048630297 0.0110834021096 0.0125457489027 0.0250234082015 0.019681695258 0.0187229515861 0.010769415964 0.017206758017 0.0169235139832
