%  columns="iteration, evaluation, sigma, max axis length,  min axis length, all principle axes lengths  (sorted square roots of eigenvalues of C)", seed=651053, Thu Jun 15 14:48:12 2017
0 0 0.25 1.00004642965 1.0 1.0 1.00000357143 1.00000714288 1.00001071434 1.00001428582 1.0000178573 1.0000214288 1.00002500031 1.00002857184 1.00003214337 1.00003571492 1.00003928649 1.00004285806 1.00004642965
1 11 0.224635656375 1.00004642965 1.0 1.0 1.00000357143 1.00000714288 1.00001071434 1.00001428582 1.0000178573 1.0000214288 1.00002500031 1.00002857184 1.00003214337 1.00003571492 1.00003928649 1.00004285806 1.00004642965
2 22 0.224098652671 1.03030783354 0.951265156829 0.951265156829 0.957999065557 0.974889874712 0.988263501742 0.990258447314 0.997492929574 0.99749720091 0.997500811143 0.997510239959 0.998910477309 1.00170493294 1.00290423418 1.0115229482 1.03030783354
3 33 0.209354391906 1.09995318069 0.932047984776 0.932047984776 0.945053547407 0.958957765231 0.966547640777 0.9737654337 0.989317200271 0.99024916877 0.993998351565 0.995305728618 0.997787906261 1.0042713664 1.01214189225 1.01955222694 1.09995318069
4 44 0.195302156724 1.11292378795 0.911155904749 0.911155904749 0.931318671734 0.943904852318 0.954599813652 0.968660775763 0.971409261511 0.985020677888 0.988164285657 0.989637970601 1.00068910702 1.00443958372 1.00784265876 1.03382471472 1.11292378795
5 55 0.188143926638 1.11710519409 0.887720981614 0.887720981614 0.922140130943 0.940367435154 0.944114574637 0.957691206411 0.96458553935 0.979097094979 0.98272885457 0.985166921767 0.996637910428 1.00969652793 1.02169960979 1.02866211315 1.11710519409
6 66 0.182305431907 1.11001385259 0.887926711626 0.887926711626 0.905381627338 0.927017064158 0.938477778541 0.953021446724 0.960498265533 0.977666751691 0.98324710711 0.988945627657 0.995152475923 1.00836962222 1.03403509692 1.0488676937 1.11001385259
7 77 0.181700127349 1.1245530999 0.881946085377 0.881946085377 0.90198756248 0.906216174402 0.929391222911 0.938615268147 0.954436939936 0.959356837671 0.977542924397 0.991228356323 0.993836644079 1.00574353487 1.03353567515 1.05983425606 1.1245530999
8 88 0.181481651742 1.12813270955 0.851890216713 0.851890216713 0.894719699998 0.904558115037 0.920852873532 0.93397863959 0.943819984221 0.967205180136 0.978893532477 0.993903729738 0.999413594115 1.01117836072 1.03566529901 1.07182800652 1.12813270955
9 99 0.193553689163 1.13207468963 0.826874576499 0.826874576499 0.88954072696 0.897951086025 0.918862175107 0.930269955261 0.938168075826 0.956720266127 0.979341394129 0.991033315076 0.998632222219 1.01124218212 1.0388053881 1.08383299637 1.13207468963
10 110 0.198946331553 1.18891309256 0.819104877014 0.819104877014 0.879946932067 0.892921281315 0.898750378552 0.930388244182 0.940093757867 0.961988365288 0.977392659184 0.985741511609 0.997182652506 1.00347006678 1.06064883794 1.10128458652 1.18891309256
11 121 0.191406148808 1.20266652969 0.817844142147 0.817844142147 0.8809100745 0.88533877872 0.894166406113 0.925617658018 0.929550460058 0.952054087814 0.962133697058 0.975261592272 1.00629378049 1.01769169708 1.06317301296 1.10597122047 1.20266652969
12 132 0.172224173216 1.20356061741 0.814208176052 0.814208176052 0.860317544968 0.882004902917 0.896094846522 0.923913772258 0.927646061912 0.945356763992 0.956518054479 0.974635299756 0.990314882703 1.01381245523 1.06787428441 1.095185152 1.20356061741
13 143 0.160541768301 1.21357796462 0.813873365187 0.813873365187 0.854533785689 0.872057325302 0.880764191457 0.915095542975 0.921549759766 0.940810713243 0.951290610148 0.971842042378 0.991626085775 1.0109534888 1.06682307032 1.09825906821 1.21357796462
14 154 0.156283434238 1.24246848634 0.808521786585 0.808521786585 0.852695126616 0.866702909365 0.884559508585 0.906086154592 0.924776755716 0.932149353873 0.953156733223 0.976009016216 0.98877968659 0.996382817419 1.07546012854 1.09405040851 1.24246848634
15 165 0.153162222602 1.2275506288 0.812353726461 0.812353726461 0.839461982131 0.871154074725 0.875748588111 0.896908079444 0.922113125483 0.932985761559 0.948409583533 0.972835323553 0.984977525633 1.01587879682 1.07593526414 1.11454834666 1.2275506288
16 176 0.152261003228 1.21255186648 0.799564300152 0.799564300152 0.830731890267 0.86395459445 0.885450536874 0.89338282381 0.917422083625 0.936663611445 0.946700612905 0.967979542928 0.986364870125 1.02273304202 1.08315583057 1.13985351154 1.21255186648
17 187 0.153071300851 1.20656843982 0.787078083 0.787078083 0.834243087539 0.846341265571 0.88939609837 0.899230527063 0.91324832156 0.931905234963 0.947804350263 0.961287589202 0.994854527956 1.02159591747 1.09188129767 1.15008268721 1.20656843982
18 198 0.156373113519 1.24727071362 0.784141199075 0.784141199075 0.830856694713 0.845340757408 0.877966939547 0.897061698062 0.912076940103 0.925141430874 0.93683762187 0.954906581058 0.99664598798 1.02712965905 1.07783545238 1.15649069321 1.24727071362
19 209 0.148163571592 1.28054007581 0.780288391396 0.780288391396 0.819123949784 0.829782128042 0.880797886581 0.899516174746 0.907993481346 0.923789304075 0.935072923667 0.961107662804 1.00356885565 1.03738905103 1.10517290133 1.16476043649 1.28054007581
20 220 0.144563072988 1.28069627435 0.777266498378 0.777266498378 0.798719530984 0.818544307938 0.87410595541 0.890941338903 0.904059206996 0.92631080833 0.934288682476 0.966274816357 1.00607952846 1.03432096203 1.10042507297 1.15266768627 1.28069627435
21 231 0.147552878798 1.28857210549 0.770515896292 0.770515896292 0.799020603886 0.837532109154 0.873928510845 0.889403775464 0.900780029741 0.920630159175 0.927352495511 0.961438299578 1.00174782984 1.03574629807 1.10367922372 1.13895332693 1.28857210549
22 242 0.148672874671 1.30803877742 0.766162030176 0.766162030176 0.790850958529 0.823521470925 0.869628366818 0.886100134952 0.905419691667 0.925246202412 0.942877807441 0.969448198591 1.00380475013 1.02622209819 1.0873336406 1.13723564941 1.30803877742
23 253 0.156887355333 1.32008648359 0.756974342417 0.756974342417 0.784307674419 0.814406830342 0.862778023422 0.888856482959 0.903160201569 0.916586170426 0.948304374494 0.976150421602 1.00253546005 1.02448612248 1.07087230655 1.15274901569 1.32008648359
24 264 0.164557714323 1.32283666721 0.752385789656 0.752385789656 0.785521189999 0.820573004414 0.848658474035 0.874059942029 0.889439994789 0.920065976752 0.953454993075 0.974241155808 0.997717913495 1.03177225265 1.07232971802 1.19424744153 1.32283666721
25 275 0.164456129067 1.3202824268 0.75062722124 0.75062722124 0.769780487587 0.825828619401 0.847514222108 0.875011161794 0.883774570014 0.920848578531 0.961460338217 0.968475088966 1.01437971036 1.02210523131 1.07934301826 1.20869940505 1.3202824268
26 286 0.166443396062 1.32397651102 0.74095390275 0.74095390275 0.75810278961 0.817217039593 0.852021032463 0.860113626539 0.883214138779 0.918243181131 0.957685625085 0.963157547041 1.00553264602 1.04997540188 1.0772583075 1.23953155078 1.32397651102
27 297 0.166837447572 1.30804010011 0.742859410284 0.742859410284 0.753671305493 0.817679762166 0.849437820159 0.855829046048 0.887693437588 0.917880002167 0.953261345986 0.974952974948 0.999822102755 1.04729019401 1.06922031054 1.22922682324 1.30804010011
28 308 0.171557301606 1.29169693376 0.740207700566 0.740207700566 0.752624996224 0.821758394676 0.842609516623 0.85415116463 0.892572939432 0.918061039339 0.954046367354 0.967157673765 1.01346204881 1.04746311696 1.07577210951 1.23109924662 1.29169693376
29 319 0.169318241517 1.29474163391 0.723176117723 0.723176117723 0.735691484179 0.814287164661 0.836339281926 0.85758653114 0.889285064813 0.917988539715 0.945997651442 0.966116089368 1.03233173807 1.04632384779 1.0838505139 1.25905374959 1.29474163391
30 330 0.167823494609 1.29439552874 0.716985561718 0.716985561718 0.739011345694 0.807156267248 0.832100727772 0.855164426869 0.883030403631 0.91532322629 0.925951373696 0.962619715231 1.03171600798 1.0464065821 1.1035127312 1.24474293245 1.29439552874
31 341 0.161324999643 1.31681506812 0.711668374712 0.711668374712 0.731794646004 0.805225894369 0.823157429687 0.844362686864 0.883037549422 0.910239482002 0.918751866689 0.963095462392 1.03921981254 1.04985149634 1.12667393497 1.22581911906 1.31681506812
32 352 0.162119423299 1.31855617845 0.705816120705 0.705816120705 0.729661724383 0.810097538477 0.815641646824 0.842385476523 0.877885960425 0.896445192098 0.916670000777 0.943865353449 1.02404476894 1.0545420239 1.12324592456 1.22387746492 1.31855617845
33 363 0.158106709796 1.30343466056 0.702211461632 0.702211461632 0.733575491738 0.805284628676 0.809304222199 0.838777553841 0.851809992263 0.87345034394 0.911870658253 0.949075969613 1.03193664406 1.06423915895 1.13259941758 1.27041481043 1.30343466056
34 374 0.154512931018 1.31413622755 0.69743005053 0.69743005053 0.734445793031 0.78100394041 0.805807012531 0.831262437632 0.84800648496 0.87287544929 0.901307932067 0.940757351751 1.01899759771 1.06048830423 1.13778216536 1.27777823842 1.31413622755
35 385 0.147215234554 1.33008453361 0.698613303197 0.698613303197 0.726004783481 0.781540055648 0.800583171022 0.828311884397 0.838419726813 0.867608288893 0.894842366745 0.93335640877 0.999860566706 1.07462322208 1.1329234826 1.27190268871 1.33008453361
36 396 0.148207517391 1.33845201044 0.68121383021 0.68121383021 0.725521547071 0.775293481669 0.802424400555 0.823268309796 0.844647723016 0.85582397301 0.900500603612 0.926751236704 1.00320653812 1.07912866322 1.12471878049 1.26442841549 1.33845201044
37 407 0.140857307155 1.36534224023 0.675076914121 0.675076914121 0.719292831504 0.765797402048 0.797850703606 0.830974120277 0.845660316981 0.852819806627 0.89582823254 0.931468150288 0.995746715963 1.07864338936 1.10421051349 1.26036590205 1.36534224023
38 418 0.139775853973 1.37960760434 0.672856969833 0.672856969833 0.715794448529 0.760017951202 0.784132145177 0.833723989965 0.844474091473 0.854245249731 0.885853154383 0.916567475223 0.990965731483 1.07103793287 1.09957476937 1.24581004673 1.37960760434
39 429 0.137953609043 1.34255014342 0.668916309988 0.668916309988 0.730358854695 0.746474899827 0.782216220742 0.837631089967 0.850362664142 0.857924501715 0.884626989746 0.92484064133 0.989599982843 1.0474612186 1.08748730402 1.2472035615 1.34255014342
40 440 0.12854110828 1.3311502884 0.660049601977 0.660049601977 0.718570345491 0.747311276938 0.787081960051 0.834335729579 0.841411970727 0.864661917992 0.877720480527 0.920947990488 1.01316962524 1.04213651894 1.07619460689 1.2287355093 1.3311502884
41 451 0.11905389713 1.33696478951 0.656953594166 0.656953594166 0.720407418254 0.743263308934 0.788329395315 0.816787940709 0.833586948314 0.861117586034 0.879178015236 0.913106353168 1.00289443182 1.04005379876 1.08248000956 1.21757484336 1.33696478951
42 462 0.106107200387 1.33471861285 0.645530253152 0.645530253152 0.720801980561 0.741557225191 0.785543860239 0.810720174356 0.832768537759 0.853405179646 0.863040132513 0.912571769262 1.00244955529 1.0329987039 1.06787799603 1.21503168226 1.33471861285
43 473 0.0953347266897 1.32303821154 0.640595333635 0.640595333635 0.70729454342 0.737820275949 0.780423162693 0.810765537454 0.823619203454 0.83565627109 0.856328118376 0.907219686794 0.998623774659 1.02756660839 1.0704464771 1.21681688715 1.32303821154
44 484 0.0886755226258 1.31677298412 0.629230424094 0.629230424094 0.705121481098 0.739853214327 0.767193197263 0.810615346609 0.814713578654 0.830141666861 0.868297650188 0.899991298786 0.995340785999 1.02791103684 1.05531023771 1.20216294718 1.31677298412
45 495 0.0881683787606 1.31454880143 0.627772711415 0.627772711415 0.702848043965 0.741551057022 0.766512934938 0.797670025927 0.815998893091 0.825479857672 0.873978065459 0.895955253261 0.980092474875 1.01042672457 1.05771307614 1.17923362833 1.31454880143
46 506 0.0847425781823 1.3093963341 0.622911456744 0.622911456744 0.694612227556 0.741030358494 0.755664151631 0.797201241673 0.818019790596 0.823247383695 0.879711314148 0.907236779468 0.953445613633 1.00964824745 1.08223517083 1.18068577176 1.3093963341
47 517 0.0864588394394 1.29264315124 0.621888408102 0.621888408102 0.700338217439 0.741515194337 0.745316226489 0.799035417487 0.814963063111 0.818662606992 0.870966996192 0.906977469652 0.952240045813 0.991587184929 1.07937504032 1.18972029386 1.29264315124
48 528 0.0860965563622 1.32007138481 0.633560752076 0.633560752076 0.710412663091 0.737541501086 0.744502601463 0.793886980354 0.804182103855 0.843906893858 0.863134754543 0.903998740393 0.958588583094 0.991988405883 1.07730347761 1.18985620885 1.32007138481
49 539 0.0837793207516 1.31958098206 0.62572215275 0.62572215275 0.708605193951 0.733277378268 0.738215146114 0.788384281018 0.804639858344 0.848902552786 0.857411385041 0.903148856793 0.949999770592 0.992441559631 1.07698422288 1.19372889328 1.31958098206
50 550 0.0833157396629 1.32500813476 0.629589980816 0.629589980816 0.703414571285 0.727337518075 0.732877254881 0.781600347195 0.802316071184 0.832112975605 0.86143552369 0.91156726087 0.948040807283 0.982464299514 1.0780226807 1.18953978716 1.32500813476
51 561 0.0847697579691 1.31341863562 0.620598828282 0.620598828282 0.703184316512 0.725880236721 0.731401029133 0.77420553783 0.798796873822 0.83241462766 0.864011997384 0.925378626887 0.939798839345 0.993251853541 1.08675825116 1.18277887998 1.31341863562
52 572 0.0855624251895 1.30970003832 0.614954115032 0.614954115032 0.700983623126 0.721997564092 0.731804695577 0.762364322989 0.796337187594 0.825707387731 0.864128669897 0.929165174625 0.940795176747 0.986486438064 1.09683742376 1.17589500736 1.30970003832
53 583 0.0839304956961 1.30624362675 0.612621495523 0.612621495523 0.703494072963 0.720032105709 0.744484896535 0.760603013709 0.790888663598 0.825097969275 0.859726103247 0.922737663322 0.939084785307 0.980000514559 1.11250739988 1.16860996059 1.30624362675
54 594 0.0851983589151 1.31334573318 0.608262685787 0.608262685787 0.695197455337 0.723646765387 0.74154252551 0.759280291711 0.785205231097 0.82635086559 0.863769907217 0.931502998158 0.939684498282 0.980855082136 1.11302570266 1.14363680965 1.31334573318
55 605 0.0825910809462 1.30987070205 0.60785176251 0.60785176251 0.691247390093 0.724700059949 0.741282745196 0.770298868121 0.785321819547 0.822438164939 0.864380787236 0.931930360945 0.936920094003 0.966333080685 1.11008053761 1.14602733442 1.30987070205
56 616 0.0802327197979 1.30211756386 0.599211839507 0.599211839507 0.687888814985 0.726768343133 0.744928386245 0.76297909361 0.788158005648 0.827944279613 0.867823625219 0.922067090114 0.93526814266 0.966622294897 1.10518571362 1.13750271839 1.30211756386
57 627 0.0773925273178 1.29980071396 0.596267483342 0.596267483342 0.677675015116 0.724387061417 0.754117920235 0.766719983029 0.791425476283 0.824239245038 0.856790511461 0.915807487192 0.929672237252 0.975046417284 1.10016162055 1.12582848433 1.29980071396
58 638 0.0743437085216 1.30091103195 0.590232414981 0.590232414981 0.67342187417 0.716460239018 0.754163209643 0.772649244607 0.788600028237 0.823830716915 0.857862306146 0.911187994531 0.921529726864 0.97440077274 1.09777321263 1.12904269583 1.30091103195
59 649 0.0716043343502 1.2992903328 0.587483115867 0.587483115867 0.677131888557 0.718562030636 0.750950767394 0.773270851826 0.781165392993 0.825840697291 0.856665602465 0.902680500702 0.912195164536 0.976934582307 1.06925684686 1.11667767137 1.2992903328
60 660 0.0680616848243 1.29653731045 0.581851819654 0.581851819654 0.67031187396 0.722325550804 0.745218838256 0.774599230071 0.783506633937 0.816824346999 0.854706215281 0.887312093694 0.91583470411 0.963290492302 1.06505666337 1.13527496971 1.29653731045
61 671 0.0684534364322 1.26887933424 0.577181576768 0.577181576768 0.667412857659 0.713895925434 0.73718418731 0.769139964994 0.774788833072 0.820108382395 0.855923698416 0.882784615442 0.93460610282 0.958497893884 1.0691872078 1.13051104155 1.26887933424
62 682 0.0682464062649 1.27414620403 0.572836624567 0.572836624567 0.662534962103 0.712279248052 0.736403404796 0.765971078489 0.769034856217 0.814619732292 0.864176788586 0.88079060684 0.946875153705 0.969123419442 1.0363861931 1.14493536205 1.27414620403
63 693 0.0657356311378 1.26601296487 0.580747774707 0.580747774707 0.657367914992 0.716380317112 0.735604231293 0.75296792478 0.769359791109 0.80675044985 0.862001405337 0.886625530982 0.936643583039 0.979530461374 1.03027553856 1.1455190765 1.26601296487
64 704 0.0646561287612 1.26151091303 0.583066241506 0.583066241506 0.648036110508 0.706647412418 0.735147729559 0.759188252451 0.773516317382 0.800906366228 0.861002202655 0.892990418113 0.941198187447 0.984968944309 1.03092156518 1.14894956362 1.26151091303
65 715 0.0602327916039 1.25457965634 0.577397766377 0.577397766377 0.646261268005 0.705039633643 0.728903303459 0.761537589138 0.79310213385 0.796988704229 0.857238865296 0.896912868736 0.932703682444 0.979424612103 1.01916806167 1.15684280797 1.25457965634
66 726 0.0566500712024 1.25871848655 0.574099836236 0.574099836236 0.644968600602 0.700896772262 0.721999521177 0.761554385073 0.790284294852 0.806483108755 0.850020325035 0.892303426189 0.909318514337 0.974211639047 1.02069571982 1.13824313012 1.25871848655
67 737 0.0539269750453 1.25546972618 0.567411389601 0.567411389601 0.640282948829 0.700969792281 0.720003656026 0.762895978341 0.786763240468 0.796563272272 0.850761095682 0.880697097146 0.918270088585 0.96941818874 1.02614746848 1.12593648215 1.25546972618
68 748 0.051701023452 1.25523488972 0.563497107007 0.563497107007 0.644684192774 0.705305392805 0.712921581386 0.75494383889 0.782295864415 0.793531733565 0.849434948144 0.881439324357 0.936927658995 0.959978142145 1.02444724555 1.12636073579 1.25523488972
69 759 0.0510903493827 1.2515172651 0.541589709446 0.541589709446 0.64483434614 0.696592176362 0.715151620683 0.757032837665 0.780036030532 0.796228677156 0.845674205367 0.880886636921 0.934510545419 0.964648625824 1.02074500612 1.13551707437 1.2515172651
70 770 0.0490907211276 1.24853678871 0.538127245675 0.538127245675 0.646233319867 0.697927604331 0.703586953738 0.763472498078 0.778617010589 0.79660436032 0.839340323943 0.876630283848 0.922882699748 0.962876052829 1.02074231819 1.15893299948 1.24853678871
71 781 0.0454994795159 1.2459946413 0.532474661625 0.532474661625 0.639400376043 0.695697356003 0.703174366957 0.760624949771 0.777773582208 0.792443567611 0.835789493229 0.87123389697 0.914885885735 0.957404822601 1.01353744758 1.16384373059 1.2459946413
72 792 0.0446646757258 1.24423260559 0.531362994373 0.531362994373 0.629512424832 0.694759846088 0.700081712925 0.755511399802 0.779095759241 0.784654506436 0.831344301405 0.864992339357 0.912402511314 0.957048837893 1.00986353588 1.16839506657 1.24423260559
73 803 0.0446590950623 1.25477441415 0.532769352047 0.532769352047 0.623288795223 0.682850370189 0.698455060553 0.756238074731 0.768093040436 0.789003176517 0.82277641854 0.852441877032 0.909814215327 0.963906945447 1.00869648943 1.16599264649 1.25477441415
74 814 0.0432730392387 1.2579676077 0.532066311214 0.532066311214 0.628737395763 0.677824497011 0.681457438888 0.748372834664 0.767519633875 0.780155367956 0.809715367385 0.865757393791 0.908533481039 0.969329245768 1.01434596717 1.17352134389 1.2579676077
75 825 0.042748458873 1.25529100041 0.5274257798 0.5274257798 0.620100985345 0.668725214054 0.683646441787 0.756105557804 0.76171250082 0.782081472099 0.805642902424 0.857282005935 0.896970494776 0.966640227449 1.01343344406 1.19089842139 1.25529100041
76 836 0.0422930055724 1.24970764307 0.525453259538 0.525453259538 0.606262644423 0.672659147405 0.691517555501 0.747614540715 0.757987619205 0.777215893824 0.800762919627 0.852967577094 0.895362218535 0.971533439248 1.01480864604 1.18211399562 1.24970764307
77 847 0.0427132955406 1.25034633116 0.526008809608 0.526008809608 0.601188354425 0.680051707418 0.697214748166 0.741404100611 0.754681928923 0.782614109547 0.797275945822 0.85291484061 0.902633871461 0.970768576818 1.00366795172 1.14887649937 1.25034633116
78 858 0.0433770451747 1.24318527806 0.525851395351 0.525851395351 0.605029755139 0.67593366082 0.692191452988 0.728982012533 0.748567974992 0.777923268323 0.799752600623 0.86358680218 0.89168804491 0.978285962984 1.00578301041 1.15309702375 1.24318527806
79 869 0.0452574709716 1.22213069664 0.532213305716 0.532213305716 0.60200278211 0.669439801155 0.693412774416 0.721342854481 0.746334965213 0.781205907387 0.825578368315 0.876225877237 0.898165626758 0.954071914718 1.00463082331 1.15498187358 1.22213069664
80 880 0.0458519077645 1.21301916507 0.53059669283 0.53059669283 0.598846208419 0.670684213205 0.702956284291 0.717488046263 0.738510451076 0.777387519197 0.820008177259 0.869249978133 0.909779862297 0.952125766597 1.04145449168 1.15483841394 1.21301916507
81 891 0.0465380585979 1.2055128552 0.525768174098 0.525768174098 0.595375239624 0.657646173713 0.699858757889 0.71388257875 0.732896611166 0.774270371328 0.810674603633 0.866337396533 0.916203571972 0.945274635586 1.05078689145 1.15634214287 1.2055128552
82 902 0.0475234438976 1.20099218408 0.519791644337 0.519791644337 0.594639910399 0.65006377842 0.694682707389 0.705005192156 0.729420323335 0.773306210897 0.818545647945 0.8687281264 0.917777121948 0.942380459339 1.04037319771 1.1750432276 1.20099218408
83 913 0.0458511094342 1.2253573907 0.51782107859 0.51782107859 0.591491632381 0.63910806352 0.702053193191 0.709120221676 0.725181999869 0.773347675231 0.798413874755 0.863941123476 0.914841626298 0.936732321926 1.04706385711 1.17524944619 1.2253573907
84 924 0.0446669957856 1.22854114863 0.515467130326 0.515467130326 0.592721326577 0.62062782681 0.696522504366 0.710637237465 0.733126395707 0.772619466542 0.795868624172 0.856175333199 0.923487605384 0.942648396656 1.04517436217 1.17170249147 1.22854114863
85 935 0.0427541500762 1.22280661074 0.508400793921 0.508400793921 0.596250837281 0.603759817412 0.693831565571 0.71682780028 0.730029016864 0.773055027147 0.798358122859 0.862722294402 0.926810486105 0.94005181074 1.03004311762 1.16805826006 1.22280661074
86 946 0.0422033106701 1.22588593418 0.507315061254 0.507315061254 0.585419360234 0.600449159112 0.685528899346 0.710062243489 0.731608837311 0.772830496324 0.798242922649 0.857345463773 0.929449036501 0.952478930313 1.02540864734 1.16173024037 1.22588593418
87 957 0.0420922383419 1.24201374278 0.50852516829 0.50852516829 0.58125968389 0.592531839417 0.678678343634 0.706475134798 0.731219528813 0.779955789508 0.795336436709 0.84648940455 0.91624292433 0.968144008156 1.02503234872 1.16155566395 1.24201374278
88 968 0.0414089558543 1.24981495408 0.508444023182 0.508444023182 0.568152013729 0.591221941275 0.678543659327 0.700276687187 0.732931328627 0.77859918812 0.793167008039 0.842657066439 0.909550178419 0.976133654628 1.03653568357 1.1568811435 1.24981495408
89 979 0.0404121353366 1.25057300156 0.50535561491 0.50535561491 0.568619699602 0.601634519426 0.66499472636 0.700651475971 0.728323062819 0.761295449338 0.789624813415 0.846125857836 0.910199667641 0.980897528363 1.05031661133 1.14750532771 1.25057300156
90 990 0.0425113508816 1.26006127839 0.51180298628 0.51180298628 0.573724965955 0.602061972348 0.670084360372 0.693652409 0.732919870476 0.758488172306 0.797654654568 0.844751286495 0.906464359053 0.960775923515 1.05045413841 1.14336561546 1.26006127839
91 1001 0.0451390147691 1.25271093353 0.517009970445 0.517009970445 0.557820302468 0.604982308961 0.649117526831 0.690052353969 0.734404280126 0.755595348207 0.811637915128 0.859292388718 0.903294913373 0.961958731952 1.04742167864 1.17168525793 1.25271093353
92 1012 0.0427939288987 1.24829647073 0.520215231602 0.520215231602 0.559759453239 0.603489143772 0.643027370077 0.687356664254 0.729341263153 0.755584754475 0.814100031259 0.866266126342 0.930323760412 0.96165343372 1.0425317664 1.16346996867 1.24829647073
93 1023 0.0420049105037 1.25719404868 0.519530724858 0.519530724858 0.554524952265 0.599534151516 0.640388418927 0.68668095439 0.715988896674 0.756025393401 0.820957126302 0.875050841624 0.937284139183 0.959366789694 1.02299671808 1.16319529575 1.25719404868
94 1034 0.0441054451026 1.25189781092 0.516095716321 0.516095716321 0.549490817637 0.592301970099 0.642590064402 0.694909777935 0.715965489156 0.737539466523 0.822881597526 0.876382735086 0.930101183233 0.958652290228 1.04129352098 1.17345284033 1.25189781092
95 1045 0.0468903650578 1.30766336313 0.519005336085 0.519005336085 0.537746099813 0.585485215397 0.645150591274 0.692587208692 0.719288526255 0.742395403156 0.822070032611 0.873480132082 0.922850629937 0.956878491979 1.03567018136 1.16987522587 1.30766336313
96 1056 0.0497635983947 1.32055969431 0.513500313353 0.513500313353 0.538475786023 0.580156567604 0.644187933905 0.695994301188 0.725023477851 0.740445621798 0.836165864008 0.873134566421 0.918945372491 0.961279679721 1.03291946595 1.15644523032 1.32055969431
97 1067 0.050745427811 1.28699594059 0.513839444459 0.513839444459 0.537261603026 0.579393291881 0.67410096635 0.69738942069 0.723741213072 0.745606885899 0.835103490916 0.87459873914 0.914618804762 0.966038690626 1.03379980027 1.14097816473 1.28699594059
98 1078 0.0487628405885 1.31390143992 0.512806292591 0.512806292591 0.536470841459 0.580260254631 0.676834645762 0.69394745522 0.725867067809 0.747776450765 0.830400802936 0.880472840218 0.896598082389 0.976314625193 1.02786983161 1.12879800882 1.31390143992
99 1089 0.0465491671491 1.32301296114 0.510909838406 0.510909838406 0.533521409432 0.578007295773 0.670824866736 0.690416343585 0.717654293309 0.747647195514 0.828609981977 0.857675204843 0.883449997757 0.988184003931 1.03015258576 1.12448172533 1.32301296114
100 1100 0.0447125192063 1.32550668049 0.50975115163 0.50975115163 0.53102578682 0.576604731636 0.672433400282 0.704146770917 0.714699033741 0.738732205635 0.816165134046 0.848145800114 0.880053475129 0.979093343418 1.02515488059 1.11286131985 1.32550668049
101 1111 0.0436065033237 1.32702793985 0.502988401598 0.502988401598 0.531575880379 0.573198734504 0.662934376844 0.703321930372 0.717873842228 0.742167085675 0.812691565676 0.845310202197 0.872652890426 0.98879747842 0.995699355648 1.10390525859 1.32702793985
102 1122 0.0437675927176 1.31504863452 0.503844520884 0.503844520884 0.537334704042 0.570854829887 0.663914909834 0.710993869222 0.720808814007 0.733533081461 0.813963124001 0.836052073064 0.868037130596 0.974297675648 0.991630742406 1.09347676145 1.31504863452
103 1133 0.0450258777923 1.31281669451 0.507710929967 0.507710929967 0.531802100001 0.568052079951 0.66344038835 0.694125833001 0.728655522181 0.73753480867 0.812413931426 0.826833723895 0.865336045602 0.978886388646 0.987781459807 1.11503417358 1.31281669451
104 1144 0.0459142975086 1.29677014737 0.501967715244 0.501967715244 0.536984493271 0.563718488279 0.661612155318 0.683899728301 0.722279845477 0.771769979978 0.802955270064 0.820999150599 0.866118349179 0.976900785058 0.979007198773 1.1181637843 1.29677014737
105 1155 0.0468037542666 1.28747596954 0.506415271506 0.506415271506 0.549498763569 0.564321601297 0.650250869911 0.681115105332 0.71940900509 0.776741437055 0.796419348389 0.814684535308 0.860695966502 0.968731030195 0.97963718347 1.11953326988 1.28747596954
106 1166 0.0486640476011 1.28691358592 0.505194979782 0.505194979782 0.549666865384 0.569840909238 0.641434215621 0.68143726013 0.721342335197 0.77289170211 0.801209609089 0.819648523927 0.839135499352 0.97164527773 0.973690468276 1.12857376889 1.28691358592
107 1177 0.0492328544929 1.28131228332 0.501710430947 0.501710430947 0.543087222884 0.58324361921 0.638973822261 0.671823449772 0.735709355759 0.769996931845 0.800176390395 0.826049042438 0.837625518572 0.97446929133 0.993702338411 1.1275219564 1.28131228332
108 1188 0.0496896277707 1.28863520104 0.499489826171 0.499489826171 0.540898030998 0.579740650199 0.636731737542 0.661086766798 0.732672244268 0.763847610479 0.801487671826 0.82836115881 0.835477261972 0.974513796171 1.00506796393 1.14129759283 1.28863520104
109 1199 0.0525319912856 1.31890070938 0.49441532843 0.49441532843 0.539395345763 0.576378182126 0.642402482893 0.655812668432 0.731877146872 0.761643131338 0.791297174641 0.809007362333 0.833818241141 0.966675925889 1.0068406894 1.14933905469 1.31890070938
110 1210 0.0512438303009 1.33416695725 0.494540179617 0.494540179617 0.541822045953 0.570286851088 0.638878269402 0.659160380409 0.73366663897 0.766540509514 0.790955435242 0.807256505154 0.844997659256 0.964028797888 1.0064847675 1.15015961062 1.33416695725
111 1221 0.0490367365051 1.33275432269 0.4899936208 0.4899936208 0.545642402781 0.566395703899 0.639313111611 0.647680262166 0.730814287408 0.758441422381 0.78533668206 0.809261651814 0.844361495226 0.962661760584 1.00360620689 1.14964488047 1.33275432269
112 1232 0.0469263458843 1.34020287599 0.486376792733 0.486376792733 0.545696861675 0.56584379873 0.628527991711 0.654558953339 0.725841139095 0.74127181962 0.770425300711 0.80579247352 0.849913654149 0.95713951679 0.997871152293 1.14075532374 1.34020287599
113 1243 0.0433939078218 1.33639448238 0.483581599837 0.483581599837 0.54702150906 0.562919078773 0.617250942024 0.653264272691 0.723689992063 0.744201767333 0.760050251081 0.810064172448 0.853536296424 0.954134333969 0.994532085919 1.14901435006 1.33639448238
114 1254 0.0433779122875 1.33851125825 0.476240605264 0.476240605264 0.543447357428 0.563247101198 0.603209058897 0.651434776275 0.71427506404 0.742251714724 0.75995568561 0.806483602409 0.851409138395 0.954928004608 1.0145758704 1.1467009058 1.33851125825
115 1265 0.0441749590404 1.3418491343 0.475291717703 0.475291717703 0.544118779515 0.561428876573 0.605773590325 0.645928406833 0.710168896713 0.7405199901 0.751891357375 0.806052299051 0.848094711018 0.963312576425 1.01646482751 1.15794497353 1.3418491343
116 1276 0.0460741952632 1.34041533202 0.46755541956 0.46755541956 0.539306565533 0.562669525205 0.607292196474 0.636462111851 0.708994438175 0.736077326341 0.751611524536 0.809723664407 0.850305978401 0.966716652636 1.03211575157 1.16570858091 1.34041533202
117 1287 0.0479314421052 1.33987986795 0.465255827904 0.465255827904 0.540125743071 0.570163789333 0.593855444455 0.624865123826 0.713924424969 0.735503827176 0.76007475602 0.807442607459 0.840635797745 0.957203042564 1.08386891764 1.17961998772 1.33987986795
118 1298 0.0491806486061 1.33517077066 0.4606379841 0.4606379841 0.540460850342 0.567203377657 0.588731753396 0.620426276109 0.706641348737 0.747800200775 0.768742152456 0.79465573904 0.844600050332 0.958819961424 1.11010806098 1.17255624729 1.33517077066
119 1309 0.0491544541637 1.3350347171 0.459855999199 0.459855999199 0.546116836235 0.551332401803 0.583724324544 0.614610080695 0.704880352327 0.748222174466 0.769585560215 0.795411493926 0.840054778423 0.964576770761 1.11801519131 1.19887449485 1.3350347171
120 1320 0.0490253346302 1.32971843545 0.45484523372 0.45484523372 0.549165696573 0.551443336316 0.576489038669 0.617366452319 0.703728353322 0.742799406095 0.768357222893 0.795536808784 0.832927435533 0.967908678179 1.12617717262 1.19531645672 1.32971843545
121 1331 0.0493399546211 1.33346759602 0.452683941289 0.452683941289 0.545077565793 0.567382205435 0.574113662919 0.618071327132 0.70068277687 0.736932731887 0.776713165258 0.795694387442 0.829723610857 0.954879663279 1.1329960422 1.17577854047 1.33346759602
122 1342 0.0489335514561 1.34224514238 0.449887468721 0.449887468721 0.540192681172 0.568025790729 0.576476399644 0.616167171605 0.696328235266 0.728819314689 0.76840190345 0.810207255905 0.842630491607 0.941783869402 1.1306018141 1.18564862768 1.34224514238
123 1353 0.0480268953077 1.34122595623 0.449291259253 0.449291259253 0.536351328935 0.572388223933 0.576832217372 0.610835250776 0.691009084969 0.723050964671 0.75804190693 0.803334067476 0.885896337485 0.94519488908 1.12137624814 1.19375639371 1.34122595623
124 1364 0.0453977230939 1.33641567628 0.451813353753 0.451813353753 0.537047348024 0.564945199455 0.573322490104 0.612563783263 0.686261828582 0.720936418709 0.752841214543 0.794814211601 0.903121107056 0.940522342938 1.11607699561 1.18485503281 1.33641567628
125 1375 0.0471808672918 1.31959212882 0.447539483531 0.447539483531 0.536335281031 0.563316095802 0.574123036914 0.606662183436 0.685499789225 0.724250856737 0.749808839489 0.792554242947 0.903060634984 0.945986111784 1.10812694217 1.16878568046 1.31959212882
126 1386 0.045510729792 1.33526818602 0.453112129089 0.453112129089 0.548898679301 0.561781826917 0.587463245816 0.603173720155 0.670142351073 0.726503230656 0.758910846246 0.789841067063 0.889616179541 0.937514154892 1.12552843125 1.16610525833 1.33526818602
127 1397 0.0452600354068 1.32244031847 0.45780048178 0.45780048178 0.545877357209 0.564645512783 0.578912786224 0.604188750225 0.661081391494 0.717439050591 0.765806978601 0.78753935386 0.886780452624 0.927187373796 1.12350211232 1.16379719459 1.32244031847
128 1408 0.0444151665828 1.31562358469 0.461119340215 0.461119340215 0.547021515903 0.563383636457 0.566955005541 0.605555335466 0.65909270093 0.719059839312 0.759294760523 0.787482750655 0.87419861604 0.928838630191 1.12930716749 1.17111125845 1.31562358469
129 1419 0.0456036065283 1.30327561955 0.467320365858 0.467320365858 0.542378058129 0.555224324341 0.561081246412 0.607037640055 0.657768736698 0.715334192292 0.762412500352 0.784893555771 0.875842503772 0.927084211961 1.11234352884 1.17270059324 1.30327561955
130 1430 0.046611271571 1.30751577252 0.466749765167 0.466749765167 0.535398953905 0.549667292041 0.564641916498 0.62079036749 0.650419820793 0.714911275822 0.763357773927 0.790792047058 0.875862865924 0.939171314033 1.08938417575 1.17438611033 1.30751577252
131 1441 0.0475508479367 1.3063838142 0.466585403316 0.466585403316 0.526894517634 0.546409119921 0.561954959273 0.620055136904 0.637125481329 0.717464166232 0.770095723358 0.782851600861 0.872325306004 0.952576674799 1.08435718858 1.18632358917 1.3063838142
132 1452 0.0474396482119 1.30492366554 0.462384900714 0.462384900714 0.5186147275 0.542663435086 0.55702076786 0.622812826041 0.635140862611 0.714885001943 0.761320929878 0.794268387365 0.876923078229 0.977875428704 1.07837217475 1.17997816425 1.30492366554
133 1463 0.0490777844331 1.29612009188 0.459907616109 0.459907616109 0.525786058614 0.542533924574 0.55910718184 0.604966657886 0.634068576552 0.710378079489 0.755727217532 0.801643056735 0.87126851694 0.998224711898 1.07261159785 1.19452944284 1.29612009188
134 1474 0.0481672147039 1.29521987556 0.462334792342 0.462334792342 0.508335468198 0.543521812813 0.558285891084 0.597771708546 0.651066099368 0.703584934776 0.759549200902 0.819061738352 0.868322206875 0.991558910751 1.05803935132 1.19733795765 1.29521987556
135 1485 0.0469612688189 1.29285655382 0.46141895936 0.46141895936 0.506938739425 0.543631604722 0.555453517052 0.603494084342 0.652379184527 0.686068747917 0.769243751575 0.819992056691 0.869607768946 0.989185486778 1.05048168416 1.17212622777 1.29285655382
136 1496 0.0462568165314 1.3079790523 0.457513422207 0.457513422207 0.504544332445 0.54475386569 0.561541324762 0.594289418876 0.656332789466 0.670211820906 0.775720067093 0.816884624915 0.85775342912 0.983700040678 1.0655376513 1.15797450719 1.3079790523
137 1507 0.045683349863 1.31235161116 0.460657658353 0.460657658353 0.496105500446 0.542706901946 0.563160185484 0.595843202365 0.653341057496 0.665333196299 0.775741891696 0.81290675435 0.855532298664 0.966750147148 1.06214851327 1.14991351169 1.31235161116
138 1518 0.0462661343072 1.30666199498 0.450484908786 0.450484908786 0.505694096502 0.539756308108 0.559586527109 0.599526642298 0.650256033626 0.6552716511 0.771950812005 0.811359142336 0.850594836933 0.987652668814 1.06067473884 1.14836230138 1.30666199498
139 1529 0.0446966035161 1.28784475293 0.464484576473 0.464484576473 0.506355015311 0.54271423172 0.563082415712 0.600740320559 0.648796828429 0.655431961054 0.765075945355 0.808345462147 0.841985272708 0.983346923186 1.06062938688 1.14729190097 1.28784475293
140 1540 0.0452233188034 1.28765560993 0.45563843719 0.45563843719 0.499988816081 0.544368924682 0.545689328184 0.598049536093 0.641960803052 0.657407873393 0.778273534506 0.80533185019 0.846225064722 0.984795344684 1.04959317557 1.14759163576 1.28765560993
141 1551 0.0451204233795 1.26813611089 0.453138287003 0.453138287003 0.499170419066 0.546290347923 0.549321902181 0.609512355252 0.632455205692 0.649418513403 0.793531206414 0.813406947042 0.85511508419 0.997187496407 1.07321593386 1.12809917344 1.26813611089
142 1562 0.0446715042278 1.2648064165 0.451577899401 0.451577899401 0.48573317668 0.545108499587 0.548501034045 0.606933055187 0.631249876927 0.644531665072 0.79309806487 0.815864266701 0.856727753035 0.993556742678 1.07195253385 1.13373801421 1.2648064165
143 1573 0.0463404266733 1.26025034947 0.447323688195 0.447323688195 0.484017367169 0.541324548338 0.548322120151 0.599317058049 0.634043619351 0.651167153121 0.781543546381 0.81705728978 0.857521010625 0.985285817505 1.06907645979 1.13330286114 1.26025034947
144 1584 0.0466354500761 1.28356448783 0.441665911018 0.441665911018 0.482030048716 0.543178852309 0.560921131427 0.602891144869 0.617682925752 0.648023485111 0.779082796434 0.827173903744 0.857934670751 0.982386005019 1.06714103102 1.14452137274 1.28356448783
145 1595 0.0453017955709 1.31031990235 0.440584066601 0.440584066601 0.47973426891 0.542299457206 0.549734397925 0.601560227384 0.621704347845 0.645422214717 0.769935412243 0.826902382752 0.852685629866 0.978613338742 1.0487780129 1.14597939945 1.31031990235
146 1606 0.0437399155639 1.31586979936 0.438390657554 0.438390657554 0.474818960245 0.536988635634 0.543191432512 0.601958871804 0.626602548052 0.643745508607 0.762738991337 0.826350437624 0.849264147309 0.989449921274 1.03323747717 1.15637060324 1.31586979936
147 1617 0.0426622154841 1.32415431222 0.432852800305 0.432852800305 0.469868148152 0.53386470048 0.540486020777 0.589401975756 0.626165305867 0.638440243824 0.753353890536 0.825209208479 0.853531362965 0.998911517527 1.0370381825 1.15726197055 1.32415431222
148 1628 0.0424285536276 1.33226553451 0.42978213496 0.42978213496 0.473766028981 0.527022813591 0.545097255108 0.583116749744 0.626689382611 0.63891791017 0.753646232727 0.824083468617 0.857618596669 0.986194587011 1.0278912636 1.17344019521 1.33226553451
149 1639 0.0430602317919 1.32187326944 0.428761017031 0.428761017031 0.473562088447 0.521806139125 0.543289935284 0.5878655287 0.622980602271 0.646506055334 0.748492906582 0.814416543325 0.850450941702 0.994611984036 1.02706530737 1.17975993542 1.32187326944
150 1650 0.0445788105536 1.30460247623 0.424991705635 0.424991705635 0.467819376684 0.51615903355 0.539522934626 0.590470871142 0.626119822916 0.658702285184 0.741846840811 0.813954043573 0.851023053668 0.988507630145 1.02405260231 1.18444965867 1.30460247623
151 1661 0.0440994058817 1.32580268057 0.420469391971 0.420469391971 0.468729239069 0.515222089406 0.54057676554 0.600355613673 0.622006297876 0.661848876538 0.747335931509 0.798392386325 0.851701942303 0.981810906721 1.02577380246 1.17073916829 1.32580268057
152 1672 0.043811645224 1.31804946649 0.427102033358 0.427102033358 0.467097118672 0.513671735456 0.536017931472 0.594957657784 0.625215867639 0.656885713452 0.749224512843 0.791703776988 0.858323623574 0.974046806763 1.03779451852 1.18215409489 1.31804946649
153 1683 0.0427432235043 1.32995475187 0.427128617881 0.427128617881 0.46498953437 0.515297360949 0.536140637624 0.589808763977 0.612017243158 0.652674968915 0.748260320771 0.787563740498 0.854718282953 0.975723288918 1.03235151092 1.17340859836 1.32995475187
154 1694 0.04251620032 1.32808599318 0.426150077748 0.426150077748 0.462966443856 0.515155576578 0.537943914864 0.586671383505 0.612899939617 0.663844290301 0.741781698221 0.779958152118 0.8552842551 0.970930553699 1.0182420802 1.16810876307 1.32808599318
155 1705 0.0437664220613 1.3180766072 0.424212054583 0.424212054583 0.467449067152 0.522706319744 0.532014342725 0.579794876057 0.60286449642 0.663372667664 0.74257427559 0.774821150174 0.847606661059 0.978551153456 1.02715457945 1.16514816396 1.3180766072
156 1716 0.044695788106 1.33931788996 0.423951982405 0.423951982405 0.459521628385 0.519158017817 0.530860868462 0.573657685812 0.613819459745 0.658355365388 0.728884734246 0.776174478208 0.845929793656 0.980996573945 1.0339663185 1.18415338172 1.33931788996
157 1727 0.0446123755483 1.34138278323 0.422820837903 0.422820837903 0.457188529372 0.514464185297 0.52947220867 0.581223243623 0.611982223536 0.654120596145 0.722122896593 0.760367636827 0.837943595663 0.980094161117 1.03270711527 1.20528993099 1.34138278323
158 1738 0.0474745964166 1.353499656 0.422694264724 0.422694264724 0.457923275407 0.510424205216 0.527297768272 0.573691456011 0.614183778977 0.66413735469 0.71737289941 0.759385543665 0.824590643142 0.9741951775 1.03677611988 1.19432815408 1.353499656
159 1749 0.0466462776251 1.35235043697 0.417812223502 0.417812223502 0.47419291156 0.50959355963 0.52511142456 0.574389120693 0.630149039109 0.660343908913 0.716052202554 0.762484525966 0.826328318849 0.950412805671 1.03834933653 1.2255725515 1.35235043697
160 1760 0.0465698275874 1.34990277936 0.417308590832 0.417308590832 0.479039483052 0.506523752819 0.508543440564 0.571047521609 0.629240698122 0.665333415828 0.717284206646 0.759802517112 0.836604000047 0.942909896807 1.03625213952 1.22711364457 1.34990277936
161 1771 0.0458065483626 1.34180786946 0.417117479137 0.417117479137 0.480818399066 0.500648021452 0.502909773102 0.564004515527 0.62787050535 0.673731988026 0.711606465327 0.772728245035 0.832630779594 0.9439676264 1.02841008595 1.22374687068 1.34180786946
162 1782 0.0458592912761 1.34087721874 0.416057888252 0.416057888252 0.476244839145 0.49727695704 0.502275416232 0.558468157927 0.620242137947 0.662704787956 0.724251147201 0.770032140573 0.837670061268 0.937205785242 1.0235298298 1.22658516859 1.34087721874
163 1793 0.0494217829539 1.33136812129 0.406840956405 0.406840956405 0.471422862894 0.495608697222 0.504872767632 0.550997048144 0.628548902779 0.665997041134 0.720343421251 0.770016454766 0.845225656375 0.931342301498 1.02381137066 1.23985193137 1.33136812129
164 1804 0.0511814304657 1.34593098892 0.405273456282 0.405273456282 0.468158825106 0.493556657164 0.510944147906 0.54909663563 0.63238223624 0.666638240792 0.728002640247 0.756601948938 0.870991710809 0.927839821767 1.02130781159 1.24901836405 1.34593098892
165 1815 0.0506223183995 1.36313951959 0.404220201249 0.404220201249 0.47113084664 0.491930022013 0.504589922243 0.547704314969 0.624759130575 0.665634506422 0.722051923509 0.753121383321 0.895206591706 0.925795440638 1.01727386733 1.24347966044 1.36313951959
166 1826 0.0497242846771 1.3695057423 0.399880570862 0.399880570862 0.465155114489 0.49293382979 0.495483910837 0.546555712706 0.620089730801 0.664347005637 0.728700409177 0.75818543085 0.894291203502 0.931377640154 1.01342011855 1.24652068192 1.3695057423
167 1837 0.0477180842287 1.37878434004 0.393453990558 0.393453990558 0.457658547018 0.489806461478 0.493752150556 0.544703604917 0.616979589649 0.665970465464 0.723126522465 0.772361041536 0.889284267231 0.928466185579 1.01595889833 1.24185445875 1.37878434004
168 1848 0.0476533410994 1.37924582603 0.385153521624 0.385153521624 0.457719444265 0.48653732673 0.492619750919 0.543901436596 0.609704615283 0.672409506383 0.72352746307 0.793276056769 0.885591680351 0.931252988454 1.0214416766 1.23801996062 1.37924582603
169 1859 0.0477600021809 1.37827276731 0.377444933805 0.377444933805 0.452121083258 0.486080577148 0.49656891943 0.543206271173 0.609416211319 0.677095347798 0.734913019848 0.790775376081 0.876626608868 0.93786644081 1.04451883145 1.21926535255 1.37827276731
170 1870 0.0486594223481 1.36895033242 0.376020620013 0.376020620013 0.449449084971 0.48681647988 0.493379446005 0.539577637471 0.604237791038 0.68479294225 0.7338175493 0.79725180357 0.869655439564 0.927371615826 1.05232630893 1.20362067483 1.36895033242
171 1881 0.0456868204037 1.34954862163 0.375277331083 0.375277331083 0.446355321279 0.48436445755 0.489859411862 0.533730929299 0.602171747855 0.699620660069 0.735173488673 0.796465633885 0.868870001785 0.911255378938 1.06005472716 1.18628685018 1.34954862163
172 1892 0.0432020715054 1.33521180802 0.372807956565 0.372807956565 0.442181954606 0.479457697024 0.490001007985 0.532943242226 0.598632181172 0.695637061002 0.7360367073 0.793190770481 0.870504471528 0.896062248274 1.05521787029 1.18551910537 1.33521180802
173 1903 0.0418181998571 1.32841614755 0.368363760846 0.368363760846 0.441207799305 0.480258840311 0.485005721393 0.528132226428 0.595067144304 0.695531281626 0.733429030376 0.78984893158 0.869122968091 0.892697417721 1.05480503952 1.19908303424 1.32841614755
174 1914 0.0389429797783 1.32770031208 0.368943663524 0.368943663524 0.438697558696 0.481508056959 0.489952102407 0.524236129563 0.595458552437 0.693016303049 0.729556176651 0.787020856384 0.848666681688 0.874722647712 1.0650087479 1.22005864657 1.32770031208
175 1925 0.0389966321219 1.30566462936 0.366868999841 0.366868999841 0.437822135177 0.478238397836 0.48117369738 0.519519402745 0.591262108013 0.682714785844 0.726875647346 0.785499982568 0.845331117627 0.87650651331 1.06510676674 1.22578006052 1.30566462936
176 1936 0.040707294532 1.3068595509 0.364813482837 0.364813482837 0.441857758158 0.476392782851 0.484840030985 0.50694807605 0.591716901335 0.682697184346 0.728297857107 0.789581567643 0.854680994231 0.873453049933 1.08644997697 1.2173764915 1.3068595509
177 1947 0.0424345996979 1.33267939537 0.360077544066 0.360077544066 0.447230728539 0.473404861488 0.484694764866 0.50116013022 0.582002969701 0.687704803452 0.744315796586 0.785499526911 0.845865320759 0.871601026423 1.12539714595 1.21493959851 1.33267939537
178 1958 0.0439614554052 1.36373849473 0.35644061997 0.35644061997 0.445452616232 0.473649493233 0.48439965491 0.500357631234 0.581677202553 0.677593448183 0.745495569789 0.774287397999 0.842775814313 0.865000779111 1.15986093279 1.21007250009 1.36373849473
179 1969 0.0430271090629 1.36354009658 0.351783840623 0.351783840623 0.451712469705 0.475907624412 0.492007570796 0.496071119772 0.572595451088 0.666177738058 0.754858150112 0.779122545523 0.838158601168 0.893621675918 1.16609208393 1.20856588909 1.36354009658
180 1980 0.0410162505061 1.36431852487 0.351633695898 0.351633695898 0.446645192507 0.469608417053 0.491078126252 0.492443903072 0.570224726116 0.662241741763 0.746243194873 0.77630430964 0.831824460003 0.888434699928 1.18133666676 1.24251083317 1.36431852487
181 1991 0.0409044865121 1.36332145961 0.350751070913 0.350751070913 0.447224460495 0.458809864735 0.479292861613 0.490538432895 0.565821251303 0.655302857631 0.744713356852 0.775953163471 0.825334937553 0.888945291814 1.19205076417 1.26337143552 1.36332145961
182 2002 0.0388256170916 1.36565670663 0.342414190293 0.342414190293 0.447002169973 0.45631820289 0.478064674128 0.48997360873 0.563081157751 0.651376417823 0.747443945606 0.771828275949 0.826057193683 0.891029497248 1.17463802885 1.28176933068 1.36565670663
183 2013 0.038752248542 1.36234392572 0.33669762189 0.33669762189 0.445037039604 0.451202304401 0.479039940012 0.487330551417 0.553681246125 0.652784538313 0.747956939004 0.775031288876 0.831271649207 0.887535430214 1.16978477324 1.26993785835 1.36234392572
184 2024 0.0371188041094 1.36891310872 0.331197633059 0.331197633059 0.448183144083 0.454204009801 0.476647374236 0.487663442955 0.54312168963 0.641684134 0.746368894572 0.772806748124 0.855135577005 0.888640521985 1.18664314058 1.28504394679 1.36891310872
185 2035 0.037274638794 1.37525216241 0.330172179956 0.330172179956 0.448343143717 0.45419585489 0.466992836831 0.488441456388 0.527803896841 0.638957231299 0.754965046199 0.771819185707 0.852217494164 0.892725062825 1.18178591234 1.28098576543 1.37525216241
186 2046 0.0362037630852 1.37969264148 0.33104755754 0.33104755754 0.444863851648 0.457512872847 0.465009187437 0.492339642626 0.518989645183 0.635433846605 0.759981407396 0.77751243728 0.849981272534 0.887101168073 1.17231751885 1.28947703439 1.37969264148
187 2057 0.0352739578132 1.36926860908 0.328732764592 0.328732764592 0.441920854917 0.457980019491 0.461788838171 0.49095354397 0.518113555505 0.628144437958 0.761442778475 0.774760951877 0.841798597272 0.889830570483 1.17753106227 1.29430591149 1.36926860908
188 2068 0.0344270663607 1.34525071724 0.325096596497 0.325096596497 0.442674348786 0.45597252087 0.458606539433 0.486487439776 0.520033612598 0.637147744501 0.764679102398 0.777494270246 0.845473364076 0.882210332893 1.17521908708 1.30542593065 1.34525071724
189 2079 0.032823039899 1.34923232359 0.322913968736 0.322913968736 0.439474686581 0.454004824253 0.460491080236 0.484692270028 0.520631759699 0.649388129267 0.762190874524 0.772281882366 0.845730350939 0.887945616886 1.17022890608 1.2830800786 1.34923232359
190 2090 0.0312195343293 1.35271021276 0.320985360597 0.320985360597 0.437161811912 0.457630812822 0.46064933433 0.481577895464 0.517881074751 0.643257973487 0.760242359433 0.770338119417 0.844366403976 0.892792131642 1.12347214797 1.29194688017 1.35271021276
191 2101 0.0290573409278 1.34907174662 0.320400618852 0.320400618852 0.43575297782 0.453027996358 0.455451642402 0.47703377741 0.51753679739 0.640764560844 0.747120386253 0.780175857549 0.835342785452 0.892188306728 1.11532442975 1.29999962341 1.34907174662
192 2112 0.0265143902589 1.33715618791 0.319126220324 0.319126220324 0.429156329659 0.449889235187 0.462000700432 0.472685232776 0.516452210568 0.638839628355 0.730102011794 0.781677193294 0.832257813823 0.890079846726 1.11138209507 1.30673784949 1.33715618791
193 2123 0.0257102607282 1.31878193735 0.313522833062 0.313522833062 0.434065690307 0.44434933293 0.46186930464 0.467552008909 0.511480415386 0.634319677497 0.730578846231 0.774700974291 0.829932281036 0.898438712133 1.10337570322 1.3077488001 1.31878193735
194 2134 0.0251921611739 1.32339511626 0.310693596244 0.310693596244 0.438369991297 0.443280903038 0.454138826005 0.463728951286 0.506740308399 0.630015861073 0.737412956494 0.778219414893 0.833609081548 0.908754434679 1.08465330332 1.30194184955 1.32339511626
195 2145 0.0243962651651 1.32911869399 0.309450299873 0.309450299873 0.429849662051 0.440777867367 0.451800537427 0.465486615583 0.508135027433 0.628437470696 0.735968962927 0.777121728782 0.829024264094 0.910129000927 1.06786829506 1.29366860356 1.32911869399
196 2156 0.0239289636436 1.34640631344 0.30516175742 0.30516175742 0.419475600509 0.438257395385 0.44920177206 0.468883072075 0.510082512662 0.615903315647 0.733503517716 0.787320769148 0.845015667054 0.907577026617 1.0599531308 1.28565834012 1.34640631344
197 2167 0.0221591475912 1.35575431528 0.304477767453 0.304477767453 0.414130726611 0.441539852855 0.444643479271 0.466623213292 0.511794439695 0.611935834159 0.724298729807 0.792592528165 0.847105516569 0.907909010229 1.03315932733 1.28545100676 1.35575431528
198 2178 0.0228794861897 1.34206577066 0.303973871749 0.303973871749 0.411823265206 0.434230573445 0.445767617861 0.466020388992 0.508619374328 0.599910231042 0.72759037192 0.78977307281 0.854296676972 0.901116340748 1.02688563497 1.28731895031 1.34206577066
199 2189 0.0225833898112 1.3433433259 0.301198455917 0.301198455917 0.409279422495 0.43724903162 0.446897391359 0.480892295476 0.510937689491 0.59787254576 0.722953041939 0.788501024994 0.854492338682 0.900243516706 1.01553369937 1.27000004491 1.3433433259
200 2200 0.0216130233001 1.33492539936 0.29970145258 0.29970145258 0.408387737523 0.435567268948 0.445791180198 0.483624434964 0.516266794727 0.592423057132 0.712553721714 0.781692468304 0.847227487077 0.894647928534 1.03419193882 1.25618810628 1.33492539936
201 2211 0.0211621346088 1.33395757631 0.299947964452 0.299947964452 0.408814928164 0.431972932689 0.44123731669 0.480554327318 0.514633993419 0.594418220294 0.715872053514 0.78575506281 0.837378793052 0.889494601056 1.02153307029 1.2450459082 1.33395757631
202 2222 0.020797216147 1.34468721276 0.296992384678 0.296992384678 0.404848413447 0.428068468034 0.437909671859 0.475303311469 0.515266235886 0.592722467598 0.703279206873 0.787150990347 0.844857191549 0.894657638747 1.01937141748 1.26593103114 1.34468721276
203 2233 0.0214341073423 1.31877421926 0.290618941885 0.290618941885 0.406970406969 0.426623749946 0.434847235612 0.474844499007 0.518553382002 0.594975980396 0.703924421201 0.786281807889 0.847979501144 0.894186505294 1.0488188034 1.26583768965 1.31877421926
