%  columns="iteration, evaluation, min max(neg(.)) min(pos(.)) max correlation, correlation matrix principle axes lengths  (sorted square roots of eigenvalues of correlation matrix)", seed=651053, Thu Jun 15 14:48:12 2017
0 0 0.0 0 0 0.0 1 1 1 1 1 1 1 1 1 1 1 1 1 1
1 11 -0.014207928873 -1.74890481565e-06 0.000222674099198 0.0123211849156 1 1 1 1 1 1 1 1 1 1 1 1 1 1
2 22 -0.0454481116463 -0.000529938256559 8.25991067622e-05 0.049383744107 1 1 1 1 1 1 1 1 1 1 1 1 1 1
3 33 -0.0500570803359 -0.000426437555163 8.59134347094e-05 0.0652733586643 1 1 1 1 1 1 1 1 1 1 1 1 1 1
4 44 -0.0588785668332 -0.000195164247212 0.000298901363495 0.0648829167175 0.933972420957 0.949476761045 0.951294492991 0.967716662551 0.973563607104 0.98098049488 0.985084948049 0.994781449714 0.99868629578 1.00620592122 1.02823739121 1.04144121812 1.05232054497 1.1205115723
5 55 -0.0670757404707 -0.000106086007375 0.00151903386553 0.0708820812915 0.933972420957 0.949476761045 0.951294492991 0.967716662551 0.973563607104 0.98098049488 0.985084948049 0.994781449714 0.99868629578 1.00620592122 1.02823739121 1.04144121812 1.05232054497 1.1205115723
6 66 -0.0952116272078 -0.00233315548255 0.00185298837004 0.0713185693862 0.906262722769 0.929271524842 0.944627842403 0.954623792462 0.961222252548 0.969729574493 0.991594025607 1.00073378452 1.00678643652 1.01190562012 1.03251041578 1.06097242439 1.06396954986 1.14066652414
7 77 -0.103326425208 -0.000399246498055 0.00117380808645 0.0834067493289 0.906262722769 0.929271524842 0.944627842403 0.954623792462 0.961222252548 0.969729574493 0.991594025607 1.00073378452 1.00678643652 1.01190562012 1.03251041578 1.06097242439 1.06396954986 1.14066652414
8 88 -0.101921291988 -0.00535428983272 0.000517847378912 0.0865173207676 0.88970767461 0.921477662609 0.927405322192 0.941863318853 0.945827726982 0.959730279309 0.986822099105 1.00107157362 1.01931991979 1.02289955489 1.03472156395 1.0621485463 1.1006846264 1.15101089686
9 99 -0.142457025362 -0.00092290732632 0.00401261388281 0.124904104652 0.88970767461 0.921477662609 0.927405322192 0.941863318853 0.945827726982 0.959730279309 0.986822099105 1.00107157362 1.01931991979 1.02289955489 1.03472156395 1.0621485463 1.1006846264 1.15101089686
10 110 -0.158548337296 -0.00137193438409 0.000813171800306 0.143667080128 0.852334737907 0.897941741869 0.910132601603 0.912481113312 0.938286568384 0.946221342808 0.982531239539 0.989725741233 0.999092690768 1.01645839867 1.03705271533 1.0896809003 1.11208979628 1.24684457724
11 121 -0.139917959929 -0.000611334949734 0.000853291701929 0.13399937235 0.852334737907 0.897941741869 0.910132601603 0.912481113312 0.938286568384 0.946221342808 0.982531239539 0.989725741233 0.999092690768 1.01645839867 1.03705271533 1.0896809003 1.11208979628 1.24684457724
12 132 -0.1464438076 -0.00177645662597 0.000919592097491 0.133363999364 0.858494539888 0.894375273485 0.905716893888 0.916862699876 0.930153448454 0.948788281102 0.985187667461 0.989374695654 1.00265825843 1.02546797866 1.03195447335 1.07939703167 1.11310361976 1.24953679838
13 143 -0.149621901495 -0.000545423162381 0.00242465416457 0.155484293464 0.858494539888 0.894375273485 0.905716893888 0.916862699876 0.930153448454 0.948788281102 0.985187667461 0.989374695654 1.00265825843 1.02546797866 1.03195447335 1.07939703167 1.11310361976 1.24953679838
14 154 -0.150197149637 -0.00141545947315 0.000342836908401 0.154535875003 0.84822941064 0.881518225129 0.884573330177 0.917648048492 0.920766311082 0.943053395891 0.969645607956 0.992153732094 1.00135207216 1.01895437988 1.0393214031 1.08145147963 1.14267122284 1.27308476628
15 165 -0.157376065574 -0.00226839833509 0.00118558260927 0.151633101268 0.84822941064 0.881518225129 0.884573330177 0.917648048492 0.920766311082 0.943053395891 0.969645607956 0.992153732094 1.00135207216 1.01895437988 1.0393214031 1.08145147963 1.14267122284 1.27308476628
16 176 -0.179487158015 -0.000957273763323 0.000984136052551 0.164334852561 0.835430448693 0.862832667647 0.898009017925 0.901579334296 0.937241952785 0.954439883341 0.967131246028 0.99739024547 1.0015216705 1.00999283053 1.04816065698 1.09886051072 1.15065334537 1.25121247703
17 187 -0.17965626575 -0.000381047557885 0.000449752116248 0.178010151668 0.835430448693 0.862832667647 0.898009017925 0.901579334296 0.937241952785 0.954439883341 0.967131246028 0.99739024547 1.0015216705 1.00999283053 1.04816065698 1.09886051072 1.15065334537 1.25121247703
18 198 -0.173929703162 -0.00157012741792 0.00163959135126 0.176107109455 0.811246076845 0.853047288707 0.859731590486 0.888010574008 0.926583199794 0.937874375987 0.962283822946 0.994999137022 1.00967698633 1.0189171239 1.05559626637 1.10352806302 1.15679162084 1.30554451833
19 209 -0.179547380785 -0.00250583572745 0.00167531827739 0.156225732003 0.811246076845 0.853047288707 0.859731590486 0.888010574008 0.926583199794 0.937874375987 0.962283822946 0.994999137022 1.00967698633 1.0189171239 1.05559626637 1.10352806302 1.15679162084 1.30554451833
20 220 -0.207787422955 -0.000480417276602 0.00287074000074 0.159891542516 0.827535220528 0.829552827085 0.855420512614 0.883135321487 0.913643122243 0.937069796687 0.966331215621 0.972820306712 0.996684415172 1.03036665315 1.0631927312 1.10407504761 1.16578035109 1.3262340689
21 231 -0.197921378393 -0.00229481570035 7.23664261057e-05 0.152443720855 0.827535220528 0.829552827085 0.855420512614 0.883135321487 0.913643122243 0.937069796687 0.966331215621 0.972820306712 0.996684415172 1.03036665315 1.0631927312 1.10407504761 1.16578035109 1.3262340689
22 242 -0.196677026483 -8.84185248897e-05 0.00507707275284 0.170125429467 0.810185200607 0.822842961758 0.844731996229 0.884591593286 0.901193686495 0.935014470277 0.956906271257 0.977408971372 1.01260455512 1.03723850525 1.06164307612 1.09353709179 1.16795464816 1.35085002312
23 253 -0.208545120319 -0.00452022471959 0.000186773876475 0.165125509798 0.810185200607 0.822842961758 0.844731996229 0.884591593286 0.901193686495 0.935014470277 0.956906271257 0.977408971372 1.01260455512 1.03723850525 1.06164307612 1.09353709179 1.16795464816 1.35085002312
24 264 -0.205786903596 -0.00473084945871 0.00235386857475 0.184252599042 0.792575834578 0.806343646546 0.853615303101 0.868525925394 0.889160600203 0.914563424565 0.960332924273 0.988412023573 1.01500680295 1.04072402505 1.05559226858 1.10044536317 1.20818849318 1.34688041074
25 275 -0.230836255774 -0.000801183984503 0.00161725076054 0.184656336844 0.792575834578 0.806343646546 0.853615303101 0.868525925394 0.889160600203 0.914563424565 0.960332924273 0.988412023573 1.01500680295 1.04072402505 1.05559226858 1.10044536317 1.20818849318 1.34688041074
26 286 -0.242031041046 -0.000781942799265 0.00139151549664 0.189231969102 0.782991381578 0.802770338079 0.811408633706 0.857611077867 0.898715121728 0.907669428748 0.967819187527 0.979734704946 1.01913337469 1.03476236746 1.06879206158 1.11106637899 1.22012863776 1.35854037872
27 297 -0.220444851315 -0.000985469226244 7.92351162139e-05 0.183309244547 0.782991381578 0.802770338079 0.811408633706 0.857611077867 0.898715121728 0.907669428748 0.967819187527 0.979734704946 1.01913337469 1.03476236746 1.06879206158 1.11106637899 1.22012863776 1.35854037872
28 308 -0.223683395151 -0.000430782213764 0.00436398493596 0.1983146149 0.780978063323 0.800453647166 0.811612338126 0.850969506404 0.896722493717 0.91007788461 0.964532217016 0.969333589258 1.00882383246 1.05099847477 1.06797872652 1.12698412916 1.24230964163 1.33711338007
29 319 -0.222579839228 -0.00697811744747 0.000357137100626 0.200422870273 0.780978063323 0.800453647166 0.811612338126 0.850969506404 0.896722493717 0.91007788461 0.964532217016 0.969333589258 1.00882383246 1.05099847477 1.06797872652 1.12698412916 1.24230964163 1.33711338007
30 330 -0.245993012721 -0.00247142053525 0.00443909031289 0.203663472165 0.749021706913 0.795855299733 0.807231791881 0.836255839392 0.898611888969 0.915863104474 0.944425767881 0.965421103486 1.01738417515 1.05373700757 1.07534418652 1.16931570758 1.24616311588 1.32752711561
31 341 -0.255888294102 -0.00684362419365 0.000995500812348 0.207735156946 0.749021706913 0.795855299733 0.807231791881 0.836255839392 0.898611888969 0.915863104474 0.944425767881 0.965421103486 1.01738417515 1.05373700757 1.07534418652 1.16931570758 1.24616311588 1.32752711561
32 352 -0.264228127895 -0.0045691111481 0.00013342007657 0.221059738076 0.741858624412 0.789870673373 0.808029755975 0.837119701775 0.884826961742 0.897349190007 0.932053538057 0.953098706398 1.00663794203 1.06396428937 1.08549019618 1.16981542267 1.27726841913 1.33539570804
33 363 -0.284193664104 -0.0154745818907 0.00072331322604 0.216019938442 0.741858624412 0.789870673373 0.808029755975 0.837119701775 0.884826961742 0.897349190007 0.932053538057 0.953098706398 1.00663794203 1.06396428937 1.08549019618 1.16981542267 1.27726841913 1.33539570804
34 374 -0.274745006128 -0.012023350414 0.00185743312254 0.209345989328 0.743495975502 0.788282024993 0.793591835551 0.824340960357 0.877070433755 0.88452994837 0.902447972293 0.946754641718 1.00926976997 1.05355347403 1.1060413159 1.17506617875 1.29595624559 1.35716093182
35 385 -0.271026474421 -0.00184728513214 0.00994227658743 0.209395719527 0.743495975502 0.788282024993 0.793591835551 0.824340960357 0.877070433755 0.88452994837 0.902447972293 0.946754641718 1.00926976997 1.05355347403 1.1060413159 1.17506617875 1.29595624559 1.35716093182
36 396 -0.282702801985 -0.014552399134 0.00145749590568 0.241530113807 0.728456419698 0.770197410076 0.78425805985 0.821052500905 0.860720712792 0.895707413798 0.901186331311 0.931978152398 1.0089398121 1.04803866243 1.11947374682 1.16309590424 1.29450548567 1.40178625207
37 407 -0.29236032747 -0.00976882877421 0.00176349701519 0.259222922076 0.728456419698 0.770197410076 0.78425805985 0.821052500905 0.860720712792 0.895707413798 0.901186331311 0.931978152398 1.0089398121 1.04803866243 1.11947374682 1.16309590424 1.29450548567 1.40178625207
38 418 -0.291954850353 -0.00420415420833 0.00209567083499 0.26355861312 0.728289255119 0.769162716588 0.78836909179 0.814513339697 0.874028476918 0.889954125597 0.913551684611 0.93347598839 1.01603851831 1.03958226086 1.11655901367 1.15077816219 1.27982276302 1.41743471922
39 429 -0.289652654624 -0.00222694038784 5.26480438792e-05 0.242232309083 0.728289255119 0.769162716588 0.78836909179 0.814513339697 0.874028476918 0.889954125597 0.913551684611 0.93347598839 1.01603851831 1.03958226086 1.11655901367 1.15077816219 1.27982276302 1.41743471922
40 440 -0.293378952763 -0.00565671893289 0.00223491034424 0.245253568914 0.718033822243 0.76895932752 0.79222788235 0.836564014724 0.883697229968 0.894787412318 0.910976123047 0.933237535304 1.02698416772 1.06509739701 1.11141259924 1.14533355165 1.26601943919 1.39439178007
41 451 -0.294423365122 -0.00369792083787 0.00153845082168 0.262716603074 0.718033822243 0.76895932752 0.79222788235 0.836564014724 0.883697229968 0.894787412318 0.910976123047 0.933237535304 1.02698416772 1.06509739701 1.11141259924 1.14533355165 1.26601943919 1.39439178007
42 462 -0.294028346512 -2.56957225756e-06 0.00775125759928 0.249062998597 0.710027824253 0.773132360179 0.787143236179 0.842176580364 0.879190012417 0.885622461594 0.918437175359 0.934150936531 1.03736754304 1.04754231917 1.11576497012 1.14046444241 1.27138095775 1.40011694278
43 473 -0.299132175346 -0.000416639709157 0.000564702313015 0.255826544492 0.710027824253 0.773132360179 0.787143236179 0.842176580364 0.879190012417 0.885622461594 0.918437175359 0.934150936531 1.03736754304 1.04754231917 1.11576497012 1.14046444241 1.27138095775 1.40011694278
44 484 -0.290477557113 -0.000124837058478 0.000426603658606 0.258337957527 0.702741910792 0.762740077598 0.789924517159 0.843926159026 0.88452094201 0.906059020975 0.91563432894 0.939466130379 1.02874893593 1.04470362621 1.11712206844 1.14799389874 1.265810813 1.39500087237
45 495 -0.275062854572 -0.00389197449269 0.00284727928282 0.259619451144 0.702741910792 0.762740077598 0.789924517159 0.843926159026 0.88452094201 0.906059020975 0.91563432894 0.939466130379 1.02874893593 1.04470362621 1.11712206844 1.14799389874 1.265810813 1.39500087237
46 506 -0.275587014184 -0.000413249526002 0.0123086104873 0.267262799332 0.698139440275 0.7670400617 0.801252088242 0.835755757085 0.872505855475 0.904065492215 0.907987765673 0.947140981604 1.00647386039 1.03995814372 1.10254795896 1.1787617025 1.28320143393 1.39191950992
47 517 -0.266151911545 -0.00466762138915 0.00134600128658 0.280422185454 0.698139440275 0.7670400617 0.801252088242 0.835755757085 0.872505855475 0.904065492215 0.907987765673 0.947140981604 1.00647386039 1.03995814372 1.10254795896 1.1787617025 1.28320143393 1.39191950992
48 528 -0.257112793444 -0.00398684544688 0.00165948221151 0.258257314065 0.714380986998 0.778729705436 0.794879921462 0.813325497917 0.875864385894 0.880415236527 0.920613662747 0.949216012283 0.999482027253 1.04249379509 1.0874023234 1.18267064977 1.26167424605 1.42841318023
49 539 -0.251582605552 -0.00206740343294 0.00177216865445 0.2478550551 0.714380986998 0.778729705436 0.794879921462 0.813325497917 0.875864385894 0.880415236527 0.920613662747 0.949216012283 0.999482027253 1.04249379509 1.0874023234 1.18267064977 1.26167424605 1.42841318023
50 550 -0.267464657942 -6.83340574425e-07 0.0157227825644 0.245781595833 0.703383565955 0.776466495407 0.78594436296 0.810490809571 0.879041976041 0.881898543785 0.914447582012 0.94342727628 0.995054016068 1.05437389639 1.08533559637 1.19773541095 1.26616935037 1.42599898319
51 561 -0.254901908921 -0.00284337147928 0.00816735211685 0.246188484887 0.703383565955 0.776466495407 0.78594436296 0.810490809571 0.879041976041 0.881898543785 0.914447582012 0.94342727628 0.995054016068 1.05437389639 1.08533559637 1.19773541095 1.26616935037 1.42599898319
52 572 -0.246624018265 -0.00378168842091 0.00986091613126 0.24916244963 0.690455064029 0.770892566405 0.799550963783 0.810601388632 0.876954543517 0.879247608519 0.90570072433 0.942948111833 0.996068754374 1.05579256595 1.11115406433 1.22550329451 1.26091807925 1.39562980073
53 583 -0.260498179696 -0.00858845512599 0.00247738842599 0.23636817417 0.690455064029 0.770892566405 0.799550963783 0.810601388632 0.876954543517 0.879247608519 0.90570072433 0.942948111833 0.996068754374 1.05579256595 1.11115406433 1.22550329451 1.26091807925 1.39562980073
54 594 -0.258812433723 -0.00181488948404 0.00892103251817 0.236435850381 0.686142927681 0.769539541258 0.79875119935 0.829951412701 0.868057156265 0.881595513742 0.914176644606 0.951857867368 1.01660275992 1.04397956344 1.10642491451 1.21703945295 1.24636620256 1.39840745314
55 605 -0.255596793969 -2.41294570852e-05 0.00959842069125 0.221941795467 0.686142927681 0.769539541258 0.79875119935 0.829951412701 0.868057156265 0.881595513742 0.914176644606 0.951857867368 1.01660275992 1.04397956344 1.10642491451 1.21703945295 1.24636620256 1.39840745314
56 616 -0.256967594027 -0.00877288444003 0.00269501300952 0.216155689007 0.684594135743 0.766609783347 0.819067089472 0.842115906881 0.864931630674 0.883570161824 0.908387345595 0.943362782302 1.01692745511 1.05244303722 1.10541058916 1.21055133919 1.23687251906 1.4002527654
57 627 -0.254697206454 -0.0157992130747 0.00992824344119 0.225730017073 0.684594135743 0.766609783347 0.819067089472 0.842115906881 0.864931630674 0.883570161824 0.908387345595 0.943362782302 1.01692745511 1.05244303722 1.10541058916 1.21055133919 1.23687251906 1.4002527654
58 638 -0.255544112436 -0.0195729568517 0.00666524976624 0.223012310694 0.676151305338 0.763254565396 0.828153250677 0.838612501138 0.862660985395 0.891816393983 0.927438703533 0.933082628348 1.00771121488 1.053492336 1.12730255497 1.1978373033 1.23662545436 1.39307257025
59 649 -0.261857278942 -0.00393220503872 0.00130649830018 0.212624155767 0.676151305338 0.763254565396 0.828153250677 0.838612501138 0.862660985395 0.891816393983 0.927438703533 0.933082628348 1.00771121488 1.053492336 1.12730255497 1.1978373033 1.23662545436 1.39307257025
60 660 -0.264715890944 -0.00768744131586 0.00234646804723 0.210402238143 0.66637765805 0.749725555114 0.830711756367 0.843979122485 0.859142107857 0.895221099807 0.925605713556 0.945824800658 1.02075320356 1.05211726221 1.10752167642 1.19997659524 1.24179276718 1.39395407114
61 671 -0.268505028265 -0.00727234185615 0.0044577798107 0.211573658891 0.66637765805 0.749725555114 0.830711756367 0.843979122485 0.859142107857 0.895221099807 0.925605713556 0.945824800658 1.02075320356 1.05211726221 1.10752167642 1.19997659524 1.24179276718 1.39395407114
62 682 -0.270593045437 -0.00114040992528 0.000945871833733 0.214326940753 0.679449006142 0.748151840924 0.828544723895 0.833328366231 0.85529670442 0.890554805894 0.916638999685 0.959352655822 1.01511689649 1.08016633246 1.10071591644 1.19588847095 1.25632924021 1.3766556991
63 693 -0.261951882226 -0.0185916061023 0.00287172165594 0.210823238159 0.679449006142 0.748151840924 0.828544723895 0.833328366231 0.85529670442 0.890554805894 0.916638999685 0.959352655822 1.01511689649 1.08016633246 1.10071591644 1.19588847095 1.25632924021 1.3766556991
64 704 -0.257650109623 -0.00385257476637 0.000191550029077 0.215792712799 0.68738665101 0.743235454665 0.813714823415 0.852787894662 0.861952008109 0.884930696903 0.908288071103 0.958842987034 1.0346660205 1.0907496584 1.11315635459 1.18935520513 1.23821510792 1.36680753173
65 715 -0.257673298131 -0.00154214077029 0.00127694697714 0.213806847095 0.68738665101 0.743235454665 0.813714823415 0.852787894662 0.861952008109 0.884930696903 0.908288071103 0.958842987034 1.0346660205 1.0907496584 1.11315635459 1.18935520513 1.23821510792 1.36680753173
66 726 -0.264739218007 -0.00379448837404 0.00310362214516 0.20850702578 0.689959434984 0.73840259965 0.815444416543 0.849953001402 0.871965258364 0.887926918542 0.913376766929 0.951516671847 1.04078938641 1.07947818013 1.11505612677 1.19033012892 1.22411197411 1.37686868043
67 737 -0.272539662309 -0.00464793697565 0.00318754066423 0.21579877658 0.689959434984 0.73840259965 0.815444416543 0.849953001402 0.871965258364 0.887926918542 0.913376766929 0.951516671847 1.04078938641 1.07947818013 1.11505612677 1.19033012892 1.22411197411 1.37686868043
68 748 -0.266254521172 -0.00541720945812 0.00892118368468 0.216742541133 0.690828498238 0.737555795023 0.815624072903 0.857196501788 0.869557370802 0.886490871474 0.915496314511 0.950728043715 1.04602014809 1.06646474117 1.12484534815 1.18241317896 1.23718588233 1.36719182199
69 759 -0.257988626416 -0.00782005250543 0.000505549034281 0.237991054384 0.690828498238 0.737555795023 0.815624072903 0.857196501788 0.869557370802 0.886490871474 0.915496314511 0.950728043715 1.04602014809 1.06646474117 1.12484534815 1.18241317896 1.23718588233 1.36719182199
70 770 -0.259479080823 -0.000335530186904 0.00172020397042 0.230942729055 0.664636378168 0.737575811391 0.807810439046 0.838411399674 0.865650936996 0.88416114829 0.922517661832 0.956366912919 1.03046592367 1.08725297777 1.11211318758 1.17771111392 1.25586734838 1.38455732033
71 781 -0.241579990943 -0.00990399231315 0.00483355023413 0.246782976232 0.664636378168 0.737575811391 0.807810439046 0.838411399674 0.865650936996 0.88416114829 0.922517661832 0.956366912919 1.03046592367 1.08725297777 1.11211318758 1.17771111392 1.25586734838 1.38455732033
72 792 -0.242063719647 -0.000421069668773 0.00231443251377 0.223705662837 0.661453080014 0.727862886246 0.815886150785 0.825041276988 0.861264176264 0.892063486344 0.92220559059 0.956598410397 1.03057166544 1.08739763021 1.12157302344 1.17086156148 1.24120155035 1.40331732387
73 803 -0.242554042795 -0.00601324868495 0.00721066738378 0.233790291037 0.661453080014 0.727862886246 0.815886150785 0.825041276988 0.861264176264 0.892063486344 0.92220559059 0.956598410397 1.03057166544 1.08739763021 1.12157302344 1.17086156148 1.24120155035 1.40331732387
74 814 -0.23425035035 -0.0057267434644 0.00639831777743 0.248245970338 0.659242946041 0.724102857766 0.795592542801 0.819980479277 0.862455809608 0.895470443119 0.908482745223 0.965770661447 1.02945263684 1.09899725112 1.11720008913 1.16105241943 1.26390540029 1.40384607129
75 825 -0.251113160212 -0.00637933749483 0.000344305609876 0.257773500339 0.659242946041 0.724102857766 0.795592542801 0.819980479277 0.862455809608 0.895470443119 0.908482745223 0.965770661447 1.02945263684 1.09899725112 1.11720008913 1.16105241943 1.26390540029 1.40384607129
76 836 -0.282579311584 -0.00026879623179 0.00811253858221 0.268463719829 0.655053301005 0.7091889498 0.798222531224 0.829372970895 0.867806143615 0.892050636067 0.906096659033 0.961362628157 1.02436697492 1.09724960447 1.12414370971 1.16543358373 1.27232098762 1.398158348
77 847 -0.278645321043 -0.000578743702061 0.00146852471966 0.26094378731 0.655053301005 0.7091889498 0.798222531224 0.829372970895 0.867806143615 0.892050636067 0.906096659033 0.961362628157 1.02436697492 1.09724960447 1.12414370971 1.16543358373 1.27232098762 1.398158348
78 858 -0.270162661313 -0.000715134005291 0.00248064031271 0.258564076397 0.667279947765 0.702668805774 0.785122396436 0.824483337477 0.859348098521 0.887425177121 0.934043134264 0.952435832256 1.01675704243 1.10040034813 1.14421510601 1.15717463221 1.27828791675 1.39005529855
79 869 -0.277201283924 -0.0035013623442 0.00491345220864 0.26867726319 0.667279947765 0.702668805774 0.785122396436 0.824483337477 0.859348098521 0.887425177121 0.934043134264 0.952435832256 1.01675704243 1.10040034813 1.14421510601 1.15717463221 1.27828791675 1.39005529855
80 880 -0.274840683862 -0.000313899987704 0.000989060729741 0.266180805892 0.660054372933 0.691261138639 0.788169365658 0.820650162916 0.864404291911 0.87584392694 0.924310788255 0.943923903143 1.0198160168 1.09415308488 1.13489768655 1.231005068 1.27316827796 1.36771675065
81 891 -0.286428887682 -0.00133560662224 0.000869502045447 0.260955431908 0.660054372933 0.691261138639 0.788169365658 0.820650162916 0.864404291911 0.87584392694 0.924310788255 0.943923903143 1.0198160168 1.09415308488 1.13489768655 1.231005068 1.27316827796 1.36771675065
82 902 -0.294821638185 -9.44348908087e-05 0.0104282009204 0.248732523479 0.649380535163 0.686294328684 0.777427991186 0.83339608193 0.857938778812 0.894561366208 0.910322677236 0.956539545463 1.00270198787 1.08920128046 1.11474500337 1.23627171595 1.30499924212 1.36476720847
83 913 -0.322407391041 -0.00215323131705 0.000961994507346 0.242985770922 0.649380535163 0.686294328684 0.777427991186 0.83339608193 0.857938778812 0.894561366208 0.910322677236 0.956539545463 1.00270198787 1.08920128046 1.11474500337 1.23627171595 1.30499924212 1.36476720847
84 924 -0.315331591262 -0.00887534381653 0.000562387108626 0.267405395268 0.646953757316 0.683764529264 0.758048087031 0.82892681206 0.858164516611 0.885183639146 0.922169477441 0.955908648639 0.983935991799 1.10772212393 1.14528709587 1.22846407553 1.30081028601 1.36378656077
85 935 -0.310124427613 -0.000105272292373 0.00424876073282 0.264168412594 0.646953757316 0.683764529264 0.758048087031 0.82892681206 0.858164516611 0.885183639146 0.922169477441 0.955908648639 0.983935991799 1.10772212393 1.14528709587 1.22846407553 1.30081028601 1.36378656077
86 946 -0.318218012896 -0.00340053765475 0.00557601498368 0.264056826547 0.633775554557 0.677979544005 0.737099695767 0.834866318646 0.845938092319 0.891100445716 0.932822767437 0.949929097424 0.982275401732 1.11455813322 1.17055708333 1.23363768513 1.2820631632 1.36868663753
87 957 -0.313423702861 -0.00200757486036 0.00133389137945 0.260438844427 0.633775554557 0.677979544005 0.737099695767 0.834866318646 0.845938092319 0.891100445716 0.932822767437 0.949929097424 0.982275401732 1.11455813322 1.17055708333 1.23363768513 1.2820631632 1.36868663753
88 968 -0.324074884246 -0.00712246625239 0.00221480478352 0.253773387933 0.631880406947 0.685274959593 0.745536165153 0.823112732156 0.857374192405 0.889711713575 0.927907286557 0.93565368953 0.994179048974 1.09644368325 1.16657815872 1.25930814204 1.30379092346 1.34068502579
89 979 -0.323492130792 -0.000584513496442 0.000437753541239 0.260539025855 0.631880406947 0.685274959593 0.745536165153 0.823112732156 0.857374192405 0.889711713575 0.927907286557 0.93565368953 0.994179048974 1.09644368325 1.16657815872 1.25930814204 1.30379092346 1.34068502579
90 990 -0.315282330246 -0.00589322038341 0.00125225835291 0.309638174041 0.646249873654 0.672722980764 0.730352257081 0.820380843674 0.847145184416 0.875172890849 0.908772917068 0.942680454551 1.01090911227 1.10145004012 1.15393135724 1.27376827894 1.32322642049 1.33610169808
91 1001 -0.29818869883 -0.000812641374098 0.00845014484437 0.324095684759 0.646249873654 0.672722980764 0.730352257081 0.820380843674 0.847145184416 0.875172890849 0.908772917068 0.942680454551 1.01090911227 1.10145004012 1.15393135724 1.27376827894 1.32322642049 1.33610169808
92 1012 -0.289140222153 -0.00069201608624 0.00843660732973 0.31605186837 0.643316939161 0.659243776206 0.719028572421 0.792861416116 0.839119963009 0.877287001384 0.904532687466 0.946458860239 1.04678430618 1.0970234762 1.1487228195 1.25728223349 1.33127842786 1.35880396676
93 1023 -0.291215703663 -0.00200264867649 0.00508149005447 0.322753914807 0.643316939161 0.659243776206 0.719028572421 0.792861416116 0.839119963009 0.877287001384 0.904532687466 0.946458860239 1.04678430618 1.0970234762 1.1487228195 1.25728223349 1.33127842786 1.35880396676
94 1034 -0.316903743474 -0.00347335367119 0.00221709337755 0.313430678666 0.625557428373 0.644679314386 0.70201568122 0.797207582899 0.832191722072 0.864464301695 0.902379760562 0.960733257522 1.02280968725 1.07197403447 1.15132914102 1.25933591361 1.34672924563 1.40254338283
95 1045 -0.326451376393 -0.00787296279875 0.000415590730334 0.313572748026 0.625557428373 0.644679314386 0.70201568122 0.797207582899 0.832191722072 0.864464301695 0.902379760562 0.960733257522 1.02280968725 1.07197403447 1.15132914102 1.25933591361 1.34672924563 1.40254338283
96 1056 -0.345548397181 -0.00403099306036 0.00828789993467 0.306745465654 0.618912322132 0.636387118646 0.689013360351 0.824020778586 0.850222124597 0.865981044003 0.902088724226 0.976781103973 1.02033995917 1.06057315005 1.15850418762 1.24481464461 1.30780105345 1.43164067098
97 1067 -0.343499703251 -0.00124592935556 0.00332682888304 0.301196184153 0.618912322132 0.636387118646 0.689013360351 0.824020778586 0.850222124597 0.865981044003 0.902088724226 0.976781103973 1.02033995917 1.06057315005 1.15850418762 1.24481464461 1.30780105345 1.43164067098
98 1078 -0.354759546275 -0.000565789971877 0.00786835957192 0.318028159624 0.613201783206 0.636774740836 0.687385402569 0.82715054825 0.861195438057 0.872199136246 0.908619945071 0.976109121132 1.02285258474 1.05656783996 1.16389206127 1.2455413416 1.31532043981 1.4079800463
99 1089 -0.357433634475 -0.000747408265435 1.99836082272e-05 0.328432756626 0.613201783206 0.636774740836 0.687385402569 0.82715054825 0.861195438057 0.872199136246 0.908619945071 0.976109121132 1.02285258474 1.05656783996 1.16389206127 1.2455413416 1.31532043981 1.4079800463
100 1100 -0.363932260072 -0.00410218455542 0.00429277604757 0.328316731013 0.611057604991 0.63810148541 0.690445789022 0.808042096004 0.859304226782 0.896874932373 0.922258876633 0.976440837521 1.0117776613 1.04696754014 1.16568408158 1.24194336525 1.31977270303 1.40716856979
101 1111 -0.376726375533 -0.00532364391654 0.000484660466125 0.326879559522 0.611057604991 0.63810148541 0.690445789022 0.808042096004 0.859304226782 0.896874932373 0.922258876633 0.976440837521 1.0117776613 1.04696754014 1.16568408158 1.24194336525 1.31977270303 1.40716856979
102 1122 -0.374355223412 -0.00376844280952 0.00259431333955 0.319741887832 0.616287284357 0.645004212043 0.684006316455 0.804091988873 0.874843995026 0.918258447646 0.925788910012 0.987849202358 1.00737186898 1.06171700327 1.13847556562 1.19089547845 1.34351760852 1.40954245814
103 1133 -0.363753480104 -2.77663614848e-05 0.00445675772669 0.31626258777 0.616287284357 0.645004212043 0.684006316455 0.804091988873 0.874843995026 0.918258447646 0.925788910012 0.987849202358 1.00737186898 1.06171700327 1.13847556562 1.19089547845 1.34351760852 1.40954245814
104 1144 -0.350530565396 -0.00121424223591 0.00231352559975 0.303480567714 0.618574310422 0.648279316339 0.690085875761 0.80589637274 0.855615414016 0.920495488461 0.958082996175 0.983066523046 1.0110069516 1.0653174994 1.1338271235 1.18008899641 1.34948665833 1.39690912967
105 1155 -0.342690916582 -0.00324865799807 0.00202019114726 0.307704794044 0.618574310422 0.648279316339 0.690085875761 0.80589637274 0.855615414016 0.920495488461 0.958082996175 0.983066523046 1.0110069516 1.0653174994 1.1338271235 1.18008899641 1.34948665833 1.39690912967
106 1166 -0.330779176325 -0.000563241626277 0.00762721492709 0.304329648855 0.618722198176 0.648697723669 0.717711108141 0.784938183395 0.854946454028 0.925639842441 0.933674648016 0.972782255505 0.988692817681 1.05868956181 1.11285222903 1.19947641785 1.36315214131 1.42324843197
107 1177 -0.324425549442 -0.00213291164492 0.00799021589244 0.298718597398 0.618722198176 0.648697723669 0.717711108141 0.784938183395 0.854946454028 0.925639842441 0.933674648016 0.972782255505 0.988692817681 1.05868956181 1.11285222903 1.19947641785 1.36315214131 1.42324843197
108 1188 -0.32669146753 -0.00911112650457 0.00311119674749 0.313123785622 0.615996206341 0.639324501964 0.711474963092 0.789215981354 0.832551928822 0.918788074205 0.939814711437 0.971409834919 0.991305017235 1.05440793019 1.11237501101 1.19653803394 1.37875602607 1.43319225378
109 1199 -0.334965850833 -0.00100184863491 0.0048000629827 0.302839182556 0.615996206341 0.639324501964 0.711474963092 0.789215981354 0.832551928822 0.918788074205 0.939814711437 0.971409834919 0.991305017235 1.05440793019 1.11237501101 1.19653803394 1.37875602607 1.43319225378
110 1210 -0.334220998755 -0.000602788694783 0.00264215864047 0.322071985467 0.612139134101 0.636888771746 0.69963667898 0.782894968974 0.837770355252 0.902402456862 0.953756250489 0.97417550242 0.985892057839 1.06357530331 1.0934488292 1.19658650479 1.3793130659 1.45232723101
111 1221 -0.328401537909 -0.000725851079301 0.0015058377347 0.324839257591 0.612139134101 0.636888771746 0.69963667898 0.782894968974 0.837770355252 0.902402456862 0.953756250489 0.97417550242 0.985892057839 1.06357530331 1.0934488292 1.19658650479 1.3793130659 1.45232723101
112 1232 -0.312340209819 -0.000726318511532 0.00234768004332 0.346064685372 0.610936668024 0.638958465081 0.689206012448 0.77292884205 0.8331955459 0.891614620321 0.941956019227 0.977362649971 0.992701457421 1.04968964075 1.11726320525 1.19014933092 1.36981440444 1.47848763157
113 1243 -0.327630148406 -0.00310957602802 0.00359106278787 0.351854105513 0.610936668024 0.638958465081 0.689206012448 0.77292884205 0.8331955459 0.891614620321 0.941956019227 0.977362649971 0.992701457421 1.04968964075 1.11726320525 1.19014933092 1.36981440444 1.47848763157
114 1254 -0.33526854031 -0.000121667643732 0.00133552653932 0.373009051961 0.592732870777 0.636692283302 0.689140310249 0.762074336431 0.830127591944 0.888183530985 0.935391880912 0.970360454151 0.994771029229 1.02454849285 1.16869151833 1.19177111866 1.36670121154 1.48316565246
115 1265 -0.362756830093 -0.00145995630439 0.000208189492896 0.37515610655 0.592732870777 0.636692283302 0.689140310249 0.762074336431 0.830127591944 0.888183530985 0.935391880912 0.970360454151 0.994771029229 1.02454849285 1.16869151833 1.19177111866 1.36670121154 1.48316565246
116 1276 -0.362926515076 -0.00259241205556 0.00242376793247 0.388300288525 0.571097733996 0.619967362665 0.701264981018 0.762002428268 0.813546626984 0.87749700371 0.93114604027 0.97366013819 0.988658487248 1.00262896692 1.16525274018 1.24725126998 1.38308286135 1.47006228586
117 1287 -0.36919887946 -0.00297705861724 0.00724890163252 0.397762555814 0.571097733996 0.619967362665 0.701264981018 0.762002428268 0.813546626984 0.87749700371 0.93114604027 0.97366013819 0.988658487248 1.00262896692 1.16525274018 1.24725126998 1.38308286135 1.47006228586
118 1298 -0.375657210119 -0.00855193760233 0.00271429173999 0.407241099503 0.559308864322 0.626176739482 0.695346852943 0.734278346348 0.780855144703 0.86634021049 0.935595814767 0.953513437971 0.96637319683 1.00641781245 1.15839409659 1.29342145476 1.39430059798 1.49062160125
119 1309 -0.374475622532 -0.0020889245134 0.0134292852378 0.406079064204 0.559308864322 0.626176739482 0.695346852943 0.734278346348 0.780855144703 0.86634021049 0.935595814767 0.953513437971 0.96637319683 1.00641781245 1.15839409659 1.29342145476 1.39430059798 1.49062160125
120 1320 -0.382619390697 -0.00926922524518 0.000788825898262 0.406807895204 0.554978651921 0.639913200229 0.676901387819 0.716879147619 0.787283201469 0.865298882618 0.944617699827 0.955382230927 0.956214899629 1.01114982854 1.15503190206 1.29906358494 1.39278395099 1.49616204094
121 1331 -0.396023477104 -0.008461081814 0.00931798617638 0.383627016161 0.554978651921 0.639913200229 0.676901387819 0.716879147619 0.787283201469 0.865298882618 0.944617699827 0.955382230927 0.956214899629 1.01114982854 1.15503190206 1.29906358494 1.39278395099 1.49616204094
122 1342 -0.399159531826 -0.000490139756347 0.0047028385499 0.362001498675 0.545401890362 0.635467129362 0.674675738929 0.730628461058 0.790635288406 0.869733224878 0.927360183636 0.942014042068 0.983007836184 1.05338177281 1.12287953538 1.29477884064 1.41494393849 1.47156073125
123 1353 -0.399472844103 -0.00329442078976 0.000858799503982 0.350835336866 0.545401890362 0.635467129362 0.674675738929 0.730628461058 0.790635288406 0.869733224878 0.927360183636 0.942014042068 0.983007836184 1.05338177281 1.12287953538 1.29477884064 1.41494393849 1.47156073125
124 1364 -0.414107932783 -7.13911141326e-05 0.00183690240315 0.351521754486 0.544939669962 0.636005059993 0.667635259295 0.727773381585 0.786378738189 0.872014433997 0.918723944424 0.931915326444 0.983338618205 1.06393328241 1.1324150875 1.29375043502 1.42734648452 1.46268446967
125 1375 -0.393683403361 -0.0103198139945 0.00435810478047 0.333775847906 0.544939669962 0.636005059993 0.667635259295 0.727773381585 0.786378738189 0.872014433997 0.918723944424 0.931915326444 0.983338618205 1.06393328241 1.1324150875 1.29375043502 1.42734648452 1.46268446967
126 1386 -0.390990499196 -0.0172930954693 0.000907708152304 0.323535330363 0.545125066217 0.635358771762 0.696714014811 0.741424337441 0.774834176669 0.861673886175 0.91756168904 0.951481816559 0.984638574578 1.07049533036 1.11907802983 1.30627210744 1.40016856719 1.46264233219
127 1397 -0.40466762621 -0.00655904683963 0.00429841781781 0.335086112765 0.545125066217 0.635358771762 0.696714014811 0.741424337441 0.774834176669 0.861673886175 0.91756168904 0.951481816559 0.984638574578 1.07049533036 1.11907802983 1.30627210744 1.40016856719 1.46264233219
128 1408 -0.388775054434 -0.00278575709885 0.00371790937086 0.33139425818 0.555951002244 0.640084815239 0.701357849881 0.728602886472 0.788721888722 0.853600280962 0.908137540464 0.936003987244 0.995942176757 1.0700615641 1.1061779275 1.33766013553 1.40023766053 1.44787764567
129 1419 -0.407610705877 -0.00881863000877 0.00503542356754 0.338961791054 0.555951002244 0.640084815239 0.701357849881 0.728602886472 0.788721888722 0.853600280962 0.908137540464 0.936003987244 0.995942176757 1.0700615641 1.1061779275 1.33766013553 1.40023766053 1.44787764567
130 1430 -0.424284277559 -6.62862414095e-05 0.00340594946209 0.354748774954 0.561814568568 0.637849645092 0.689775878806 0.704315915479 0.796241660306 0.840662474452 0.907976064026 0.951633471506 0.985636298496 1.06717234114 1.15492121958 1.33415656391 1.39123968177 1.44056212756
131 1441 -0.418375301548 -0.00382212565707 0.00847504370243 0.353896101367 0.561814568568 0.637849645092 0.689775878806 0.704315915479 0.796241660306 0.840662474452 0.907976064026 0.951633471506 0.985636298496 1.06717234114 1.15492121958 1.33415656391 1.39123968177 1.44056212756
132 1452 -0.426080018485 -0.00116355308189 0.00402528996367 0.332323496065 0.556999502928 0.635072718951 0.680693507821 0.711444598975 0.777796384786 0.839206589757 0.921223691419 0.961518787171 0.96327270721 1.07023652914 1.20916070154 1.32693478982 1.37634972755 1.42970839485
133 1463 -0.429460086459 -0.00119317850628 0.00499659579584 0.349124389327 0.556999502928 0.635072718951 0.680693507821 0.711444598975 0.777796384786 0.839206589757 0.921223691419 0.961518787171 0.96327270721 1.07023652914 1.20916070154 1.32693478982 1.37634972755 1.42970839485
134 1474 -0.441539133639 -3.96605460488e-05 0.000913463831857 0.345056030589 0.569846441113 0.640976259171 0.65395870141 0.709630423697 0.767153059245 0.855952164125 0.906730279312 0.957780057313 0.999861704619 1.06552582862 1.21266443255 1.29741848069 1.36412312133 1.45696823444
135 1485 -0.447422530362 -0.00470129256429 0.000388892518657 0.337220787485 0.569846441113 0.640976259171 0.65395870141 0.709630423697 0.767153059245 0.855952164125 0.906730279312 0.957780057313 0.999861704619 1.06552582862 1.21266443255 1.29741848069 1.36412312133 1.45696823444
136 1496 -0.445659967549 -0.00519870796846 0.00186401158381 0.324589472437 0.563709444368 0.64869053269 0.656157452919 0.732979376866 0.763116713425 0.854475722022 0.881697955573 0.9789231194 1.00164944808 1.06464191399 1.21104249498 1.31895434797 1.35117037457 1.44110490567
137 1507 -0.449827229252 -0.00895004495553 0.00158760258734 0.31421275656 0.563709444368 0.64869053269 0.656157452919 0.732979376866 0.763116713425 0.854475722022 0.881697955573 0.9789231194 1.00164944808 1.06464191399 1.21104249498 1.31895434797 1.35117037457 1.44110490567
138 1518 -0.445567378004 -0.00124795281217 0.00156156762065 0.293699689225 0.566542813253 0.645012718827 0.668772251963 0.759625570757 0.767773317348 0.848961593667 0.869822837008 0.978467909121 0.995336354197 1.06871830593 1.24757857796 1.29669264695 1.34574267562 1.42574783044
139 1529 -0.423808679987 -0.00989678694671 0.00247545593459 0.310194952434 0.566542813253 0.645012718827 0.668772251963 0.759625570757 0.767773317348 0.848961593667 0.869822837008 0.978467909121 0.995336354197 1.06871830593 1.24757857796 1.29669264695 1.34574267562 1.42574783044
140 1540 -0.418392163771 -0.00646963781529 0.000634801035241 0.372184120277 0.565721549297 0.649494184145 0.669610028195 0.731081981144 0.76744268917 0.822574194241 0.88895818206 0.990734471227 1.00964382918 1.07183437511 1.27382856956 1.28879886616 1.34489817037 1.40614989675
141 1551 -0.431085199275 -0.00197684957628 0.00574861155411 0.382693902507 0.565721549297 0.649494184145 0.669610028195 0.731081981144 0.76744268917 0.822574194241 0.88895818206 0.990734471227 1.00964382918 1.07183437511 1.27382856956 1.28879886616 1.34489817037 1.40614989675
142 1562 -0.427418788755 -0.000562957867892 0.00181972705291 0.378644734415 0.56387654884 0.64477201753 0.665631000139 0.720929938086 0.76662923901 0.818593767921 0.897549190825 0.998857211419 1.01075977822 1.06973661023 1.25817046604 1.30674167444 1.33773152217 1.41291088116
143 1573 -0.463071014217 -0.0021018733693 0.00113269055313 0.365007024378 0.56387654884 0.64477201753 0.665631000139 0.720929938086 0.76662923901 0.818593767921 0.897549190825 0.998857211419 1.01075977822 1.06973661023 1.25817046604 1.30674167444 1.33773152217 1.41291088116
144 1584 -0.467948716219 -0.00012641665152 0.0034745999845 0.358872360772 0.557405120725 0.634660850837 0.682124583222 0.728614521196 0.757541160808 0.814490693169 0.862786122417 0.989743725099 0.99678242273 1.06182251418 1.2453369531 1.31065554569 1.39614763861 1.41071728898
145 1595 -0.457055607648 -0.00152133402856 0.00197663689565 0.369010257212 0.557405120725 0.634660850837 0.682124583222 0.728614521196 0.757541160808 0.814490693169 0.862786122417 0.989743725099 0.99678242273 1.06182251418 1.2453369531 1.31065554569 1.39614763861 1.41071728898
146 1606 -0.46016379506 -0.00456387854485 1.49726966911e-05 0.38414576069 0.557055809783 0.628329112587 0.668887464987 0.712862176037 0.755507918281 0.825549016301 0.855192483756 0.981943632127 1.00005153917 1.05659575064 1.26394631121 1.29977207584 1.39162368625 1.43224847084
147 1617 -0.469816754707 -0.0055859557286 0.00344605416679 0.393473925956 0.557055809783 0.628329112587 0.668887464987 0.712862176037 0.755507918281 0.825549016301 0.855192483756 0.981943632127 1.00005153917 1.05659575064 1.26394631121 1.29977207584 1.39162368625 1.43224847084
148 1628 -0.46892783701 -0.000773730755865 0.00643321005525 0.391110521277 0.561642552524 0.614496481352 0.668610365528 0.713592648087 0.726545259204 0.823280390406 0.852306251036 0.980714306135 1.0014376742 1.0626162777 1.25407752013 1.29387739637 1.40476881618 1.450716023
149 1639 -0.4512574168 -0.000785345753846 0.000255280344106 0.403276694962 0.561642552524 0.614496481352 0.668610365528 0.713592648087 0.726545259204 0.823280390406 0.852306251036 0.980714306135 1.0014376742 1.0626162777 1.25407752013 1.29387739637 1.40476881618 1.450716023
150 1650 -0.462903624394 -0.000270233554591 0.00310351398447 0.409217099576 0.57112183863 0.607453745737 0.654474111993 0.71038764843 0.750534848524 0.832246186161 0.842888475565 0.992415289637 1.00567403948 1.06698180925 1.23470463427 1.29759359887 1.38009970921 1.46894421655
151 1661 -0.461490828908 -0.000823573561225 0.00546464852276 0.422751322982 0.57112183863 0.607453745737 0.654474111993 0.71038764843 0.750534848524 0.832246186161 0.842888475565 0.992415289637 1.00567403948 1.06698180925 1.23470463427 1.29759359887 1.38009970921 1.46894421655
152 1672 -0.46624397697 -0.00228065714906 0.0122303006231 0.432639392466 0.577797190684 0.604900150764 0.663564829845 0.719946907335 0.752183326841 0.816593450681 0.844140386482 0.981201089525 0.996140881599 1.0638867582 1.2795168998 1.29575088633 1.36177368022 1.46251772212
153 1683 -0.466479850486 -0.0088322512767 0.00688769397439 0.419143629281 0.577797190684 0.604900150764 0.663564829845 0.719946907335 0.752183326841 0.816593450681 0.844140386482 0.981201089525 0.996140881599 1.0638867582 1.2795168998 1.29575088633 1.36177368022 1.46251772212
154 1694 -0.456312820927 -0.00433766070723 0.00107053121676 0.421136144121 0.579837045104 0.596583705309 0.67236392006 0.735068473486 0.757697110177 0.820455321855 0.827908202777 0.969975686902 0.992972631033 1.06188966993 1.27569775003 1.29952530264 1.35465940236 1.4754877619
155 1705 -0.458139697126 -0.00372759976503 0.00604139287208 0.423848799133 0.579837045104 0.596583705309 0.67236392006 0.735068473486 0.757697110177 0.820455321855 0.827908202777 0.969975686902 0.992972631033 1.06188966993 1.27569775003 1.29952530264 1.35465940236 1.4754877619
156 1716 -0.452241793612 -0.00643141142603 0.00567178732546 0.428899211929 0.570964242724 0.593341999271 0.660278750573 0.719293595366 0.752635805169 0.820782226993 0.83670537434 0.941035046633 0.985825143028 1.0468509539 1.2927960176 1.31291617511 1.34691602609 1.50526592308
157 1727 -0.468542502741 -0.00125560680165 0.0139167711893 0.426467189352 0.570964242724 0.593341999271 0.660278750573 0.719293595366 0.752635805169 0.820782226993 0.83670537434 0.941035046633 0.985825143028 1.0468509539 1.2927960176 1.31291617511 1.34691602609 1.50526592308
158 1738 -0.461365475421 -0.00209749776375 0.000436339740294 0.418355448152 0.569549962233 0.588705083051 0.657331365605 0.741075545259 0.7427865898 0.822101848215 0.851236949586 0.94351994217 0.968081470579 1.03644634152 1.28398033763 1.3121860423 1.35696467306 1.51067881822
159 1749 -0.449114031189 -0.00417433399046 0.0068104440144 0.40767973069 0.569549962233 0.588705083051 0.657331365605 0.741075545259 0.7427865898 0.822101848215 0.851236949586 0.94351994217 0.968081470579 1.03644634152 1.28398033763 1.3121860423 1.35696467306 1.51067881822
160 1760 -0.454106401014 -0.000646510392176 0.00637328926395 0.408711100782 0.560131657096 0.596260624276 0.643691134826 0.740808746479 0.758875918016 0.809506269056 0.867312932819 0.963072024085 0.979077396429 1.04214547164 1.25889601702 1.31912903895 1.35579284205 1.49963423783
161 1771 -0.470451594715 -0.00158810016891 0.00690856722173 0.404159147101 0.560131657096 0.596260624276 0.643691134826 0.740808746479 0.758875918016 0.809506269056 0.867312932819 0.963072024085 0.979077396429 1.04214547164 1.25889601702 1.31912903895 1.35579284205 1.49963423783
162 1782 -0.469696550651 -0.00792317076727 0.00276207886086 0.409399357737 0.554840569534 0.591796928631 0.636852535328 0.732425584496 0.759168601572 0.809289115758 0.873344944139 0.961550672024 0.979075337449 1.03895404092 1.23213721505 1.32376650998 1.35530005341 1.52837524329
163 1793 -0.479198373121 -0.0132021128741 0.00113014582385 0.419807543461 0.554840569534 0.591796928631 0.636852535328 0.732425584496 0.759168601572 0.809289115758 0.873344944139 0.961550672024 0.979075337449 1.03895404092 1.23213721505 1.32376650998 1.35530005341 1.52837524329
164 1804 -0.474829986718 -0.00862274203155 0.000395706899752 0.405885517653 0.543053835229 0.58978976447 0.642033128312 0.713357516981 0.772125710063 0.801029168674 0.86735953736 0.926891290804 0.988506970515 1.07916434166 1.20580414552 1.31777351887 1.3415032968 1.56685216944
165 1815 -0.475623398063 -0.00881040197199 0.0049633502249 0.398390613421 0.543053835229 0.58978976447 0.642033128312 0.713357516981 0.772125710063 0.801029168674 0.86735953736 0.926891290804 0.988506970515 1.07916434166 1.20580414552 1.31777351887 1.3415032968 1.56685216944
166 1826 -0.460720058407 -0.00297301938979 0.00182862993204 0.391901338604 0.530341760347 0.578586507886 0.646319969725 0.68830095081 0.764656448392 0.803270747112 0.867610138173 0.932061809839 0.99166772012 1.1095372284 1.20171352736 1.33183533775 1.34648693227 1.54778941258
167 1837 -0.451374269572 -0.00319639443549 0.0150407552781 0.416783622486 0.530341760347 0.578586507886 0.646319969725 0.68830095081 0.764656448392 0.803270747112 0.867610138173 0.932061809839 0.99166772012 1.1095372284 1.20171352736 1.33183533775 1.34648693227 1.54778941258
168 1848 -0.447310998346 -0.00625969331071 0.00273311795918 0.419600078164 0.510898181003 0.574179523174 0.639654632513 0.695507947212 0.75851592432 0.790554234233 0.898307001845 0.938107820286 0.991285865681 1.09890773725 1.21103912933 1.30095378478 1.36388350482 1.55549567451
169 1859 -0.440780011188 -0.000277007359769 0.00718650110361 0.425211272756 0.510898181003 0.574179523174 0.639654632513 0.695507947212 0.75851592432 0.790554234233 0.898307001845 0.938107820286 0.991285865681 1.09890773725 1.21103912933 1.30095378478 1.36388350482 1.55549567451
170 1870 -0.421062251572 -0.00345512757236 0.0076437138161 0.426691868133 0.510775391698 0.569906073411 0.635426824616 0.702952717248 0.75889370064 0.790425867306 0.919752667345 0.959427864242 0.989055688152 1.08877366145 1.21123331887 1.28720262975 1.38948636141 1.52674750591
171 1881 -0.41242288575 -0.000620593395721 0.00418791466746 0.426248657638 0.510775391698 0.569906073411 0.635426824616 0.702952717248 0.75889370064 0.790425867306 0.919752667345 0.959427864242 0.989055688152 1.08877366145 1.21123331887 1.28720262975 1.38948636141 1.52674750591
172 1892 -0.4185240017 -0.000174540672365 0.00484515193018 0.413532183138 0.502013229789 0.568646233572 0.639666634061 0.703318966295 0.767202392391 0.795728568089 0.912076696923 0.965049591885 0.992944548459 1.10519883798 1.20849079432 1.28418712141 1.37642943835 1.52455148059
173 1903 -0.416662920573 -0.00608218731443 0.00143565164202 0.408078327743 0.502013229789 0.568646233572 0.639666634061 0.703318966295 0.767202392391 0.795728568089 0.912076696923 0.965049591885 0.992944548459 1.10519883798 1.20849079432 1.28418712141 1.37642943835 1.52455148059
174 1914 -0.434156991375 -0.00129196589966 0.010370041678 0.403319974032 0.504190162532 0.56870417399 0.646176828307 0.696384132247 0.768865403039 0.796516609249 0.906051550487 0.961868848233 0.987596556009 1.09668060302 1.19515652596 1.27932871972 1.37943370185 1.54989836581
175 1925 -0.429786904635 -0.00789345924898 0.00207608576388 0.39182802596 0.504190162532 0.56870417399 0.646176828307 0.696384132247 0.768865403039 0.796516609249 0.906051550487 0.961868848233 0.987596556009 1.09668060302 1.19515652596 1.27932871972 1.37943370185 1.54989836581
176 1936 -0.432006631258 -0.00370601943911 0.0195742895129 0.403500043659 0.498023505659 0.577865663153 0.630843951274 0.681159583452 0.749070276249 0.784665049159 0.902645310883 0.952877793047 0.977260593416 1.08941366898 1.19831669667 1.30410779617 1.43597351777 1.52184454772
177 1947 -0.464662381867 -0.00220904888469 0.00769717225839 0.419285492706 0.498023505659 0.577865663153 0.630843951274 0.681159583452 0.749070276249 0.784665049159 0.902645310883 0.952877793047 0.977260593416 1.08941366898 1.19831669667 1.30410779617 1.43597351777 1.52184454772
178 1958 -0.467766158498 -0.000815447516862 0.00376720199731 0.417579832332 0.489873443384 0.581497514886 0.618558570071 0.671060617083 0.748432648628 0.777624139811 0.918226819326 0.939491438514 0.970069998259 1.07990807829 1.19189979039 1.29367894666 1.48066203622 1.51805288253
179 1969 -0.489746311527 -0.00262061584912 0.00233351538805 0.446010775623 0.489873443384 0.581497514886 0.618558570071 0.671060617083 0.748432648628 0.777624139811 0.918226819326 0.939491438514 0.970069998259 1.07990807829 1.19189979039 1.29367894666 1.48066203622 1.51805288253
180 1980 -0.506229974806 -0.000475188022559 0.00398874931173 0.472854536013 0.485838447023 0.56871023396 0.603051578305 0.658299183453 0.745282931256 0.751778422109 0.908190279593 0.925975068416 0.959841690757 1.08382336973 1.19695882959 1.30629854505 1.49559606 1.53907138431
181 1991 -0.500774425086 -0.00211032695227 0.000546935270531 0.474777275312 0.485838447023 0.56871023396 0.603051578305 0.658299183453 0.745282931256 0.751778422109 0.908190279593 0.925975068416 0.959841690757 1.08382336973 1.19695882959 1.30629854505 1.49559606 1.53907138431
182 2002 -0.492297436338 -0.00710975404897 0.000469521713084 0.476865148111 0.489745297386 0.574149599991 0.600904247821 0.658930408401 0.727815343194 0.753788172883 0.895430405294 0.926784618252 0.956497736519 1.09066866401 1.19400266919 1.29997130799 1.48110125845 1.56936760881
183 2013 -0.500795172123 -0.00245640466123 0.00870149439091 0.460731844083 0.489745297386 0.574149599991 0.600904247821 0.658930408401 0.727815343194 0.753788172883 0.895430405294 0.926784618252 0.956497736519 1.09066866401 1.19400266919 1.29997130799 1.48110125845 1.56936760881
184 2024 -0.502598111322 -0.000468746358101 0.00372440047422 0.459841453304 0.483379789987 0.562488935644 0.600700163343 0.653415695377 0.717603602974 0.732614949071 0.899923366427 0.922734439602 0.978136139699 1.0868022714 1.23369318722 1.28983434143 1.49320103858 1.54789100959
185 2035 -0.477298044811 -0.00720918879807 0.00550940780813 0.481058183427 0.483379789987 0.562488935644 0.600700163343 0.653415695377 0.717603602974 0.732614949071 0.899923366427 0.922734439602 0.978136139699 1.0868022714 1.23369318722 1.28983434143 1.49320103858 1.54789100959
186 2046 -0.488179002109 -0.00972089135798 0.0044457882939 0.490101660237 0.492756221498 0.558674747499 0.613639004871 0.642215180715 0.706855119377 0.719483965903 0.901799361235 0.925274778795 0.994154224425 1.10027051941 1.2167762587 1.2957054508 1.49668063084 1.53981037707
187 2057 -0.514618504741 -0.00142855184597 0.00164544590443 0.494880187374 0.492756221498 0.558674747499 0.613639004871 0.642215180715 0.706855119377 0.719483965903 0.901799361235 0.925274778795 0.994154224425 1.10027051941 1.2167762587 1.2957054508 1.49668063084 1.53981037707
188 2068 -0.540426367346 -0.000136811358938 0.00312413840915 0.484164103909 0.511040588107 0.556090021686 0.599562122414 0.637949224523 0.693830819688 0.730661618694 0.897632532656 0.92829225123 0.996579573733 1.09769978383 1.2127906364 1.31523704343 1.51059178459 1.51647498121
189 2079 -0.552594317613 -0.00145345776107 0.000623150632701 0.476470424338 0.511040588107 0.556090021686 0.599562122414 0.637949224523 0.693830819688 0.730661618694 0.897632532656 0.92829225123 0.996579573733 1.09769978383 1.2127906364 1.31523704343 1.51059178459 1.51647498121
190 2090 -0.5542700507 -0.00207451530024 0.00147497331474 0.490560386819 0.508632787535 0.552365277913 0.613594228605 0.637885490453 0.687797262882 0.711074683356 0.891568159707 0.92476757018 0.999892959205 1.09783014658 1.21579180727 1.27235446009 1.5280261754 1.54502163236
191 2101 -0.556204481885 -0.000428464432637 0.00743928295665 0.486468011494 0.508632787535 0.552365277913 0.613594228605 0.637885490453 0.687797262882 0.711074683356 0.891568159707 0.92476757018 0.999892959205 1.09783014658 1.21579180727 1.27235446009 1.5280261754 1.54502163236
192 2112 -0.554839246369 -0.00358843259316 0.00632816068156 0.484010682482 0.506756151333 0.55239171055 0.606262003186 0.628656715886 0.680588575711 0.719035790691 0.89638698544 0.914725245567 1.02880443877 1.10480965302 1.20623008165 1.2578748786 1.51942578782 1.55881867149
193 2123 -0.580750642252 -0.00287835237262 0.00592028098067 0.475243266589 0.506756151333 0.55239171055 0.606262003186 0.628656715886 0.680588575711 0.719035790691 0.89638698544 0.914725245567 1.02880443877 1.10480965302 1.20623008165 1.2578748786 1.51942578782 1.55881867149
194 2134 -0.579302531367 -0.00704728561238 0.00195451909005 0.483694508644 0.502010731974 0.534570211559 0.615710142575 0.625651637302 0.66674811654 0.718910196935 0.894494664211 0.917827910583 1.06201505885 1.11445417153 1.21207653115 1.24024019708 1.49278986103 1.5754797188
195 2145 -0.584040315424 -0.000110901159264 0.0010375294659 0.493299729283 0.502010731974 0.534570211559 0.615710142575 0.625651637302 0.66674811654 0.718910196935 0.894494664211 0.917827910583 1.06201505885 1.11445417153 1.21207653115 1.24024019708 1.49278986103 1.5754797188
196 2156 -0.587385351548 -0.00306442456315 9.21345200002e-05 0.511414499368 0.497675378406 0.520696925563 0.620362314131 0.62689357174 0.666608667721 0.710381384753 0.887642681363 0.924013962898 1.07146797738 1.1148554947 1.19020143457 1.23650900324 1.48643215703 1.60208236031
197 2167 -0.579886400873 -0.00127399215731 0.00988578511197 0.504590655376 0.497675378406 0.520696925563 0.620362314131 0.62689357174 0.666608667721 0.710381384753 0.887642681363 0.924013962898 1.07146797738 1.1148554947 1.19020143457 1.23650900324 1.48643215703 1.60208236031
198 2178 -0.582896537194 -0.00279385181766 0.000483999262099 0.512499715186 0.505612600588 0.519776466601 0.605267845145 0.644810702377 0.668328167811 0.714372247498 0.876663913722 0.925986952339 1.0673488168 1.12591741611 1.19384104695 1.2341977075 1.48927413691 1.5923929192
199 2189 -0.58540135081 -0.00886006195447 0.00188662591336 0.484103870857 0.505612600588 0.519776466601 0.605267845145 0.644810702377 0.668328167811 0.714372247498 0.876663913722 0.925986952339 1.0673488168 1.12591741611 1.19384104695 1.2341977075 1.48927413691 1.5923929192
200 2200 -0.573568856223 -0.0216259219791 0.00262929113693 0.485082640912 0.508330834647 0.524095345297 0.613020684185 0.642453766047 0.673225821809 0.731221350953 0.881367263828 0.929654190453 1.07227140891 1.11535546414 1.1849833357 1.22584015958 1.48584225153 1.59405746668
201 2211 -0.586632976377 -0.00158283869364 0.0167278220285 0.486933839082 0.508330834647 0.524095345297 0.613020684185 0.642453766047 0.673225821809 0.731221350953 0.881367263828 0.929654190453 1.07227140891 1.11535546414 1.1849833357 1.22584015958 1.48584225153 1.59405746668
202 2222 -0.594105945801 -0.00336410162237 0.000276031575316 0.482141342791 0.497329261503 0.515891345256 0.605591709521 0.634383491516 0.657667882057 0.734081310632 0.879849560249 0.9181102334 1.0513404089 1.10735283138 1.18392647347 1.27592577967 1.50128567675 1.58549607631
203 2233 -0.608617804413 -0.00343385608821 0.00403804235182 0.474352948721 0.497329261503 0.515891345256 0.605591709521 0.634383491516 0.657667882057 0.734081310632 0.879849560249 0.9181102334 1.0513404089 1.10735283138 1.18392647347 1.27592577967 1.50128567675 1.58549607631
