% # iter+eval+sigma+0+fitness+xbest, seed=651053, Thu Jun 15 14:48:12 2017
1 11 0.224635656375 0 0.142050611915 0.413213988209 0.449482021551 0.684895636749 0.394660706214 0.410263254268 0.335067238413 0.590045419525 0.429104204292 0.274187626658 0.635463923285 0.297447170816 0.369884826877 0.842733695517 0.30325101254
2 22 0.224098652671 0 0.0367026242101 0.549818308546 0.299329788552 0.992182812886 0.0115200297095 0.385158882715 0.470076335374 0.695509389113 0.360597902951 0.305981312601 0.776842541896 0.0763454927776 0.0841825611575 0.597507211151 0.0466572977603
3 33 0.209354391906 0 0.0312715602841 0.661198431767 0.280426130818 0.69349616633 0.294085524839 0.381382326072 0.733327913147 0.423605470665 0.398247155835 0.188698222855 0.431033575126 0.179957216563 0.156639676171 0.539853359432 0.202244710552
4 44 0.195302156724 0 0.0444718895642 0.918800992248 0.595328848058 0.962900411125 0.295208025978 0.345244822002 0.504609026446 0.831097513441 0.370832456008 0.462436131738 0.154641824175 0.274648936494 0.112321739181 0.324134903522 0.262556872812
5 55 0.188143926638 0 0.0973794020703 0.533184525047 0.440674284787 0.81784967886 0.256576504196 0.389862048169 0.0154546641191 0.486814577905 0.708474014483 0.67087923758 0.373023093092 0.552033395597 0.123657005653 0.0986218101329 0.0862769371341
6 66 0.182305431907 0 0.0462632512344 0.75218330862 0.357885554115 0.826026038056 0.104798222855 0.327194880569 0.601014638274 0.959320677611 0.411160241754 0.707936385395 0.333716803735 0.36450907594 0.0449775302704 0.0810428361259 0.134528878979
7 77 0.181700127349 0 0.0652173497216 0.719724373523 0.200731229014 0.782223515705 0.303721790741 0.368697701026 0.688745480096 0.370407632589 0.577830168617 0.804865867636 0.437712560858 0.403837888924 0.129904334515 0.176600482956 0.045643308666
8 88 0.181481651742 0 10000000000000 0.756548422457 0.373362338057 0.719915069476 0.617333330611 0.214900401804 0.668482437709 0.516040404374 0.647551587874 1.01404041882 0.411978656413 0.217741360418 0.126094347868 0.315043776216 0.188339074651
9 99 0.193553689163 0 10000000000000 0.533880639012 0.53621556185 1.07938500876 0.371104921323 0.101319979304 0.618846315749 0.411930052035 0.240713704615 0.935002859468 0.868108802196 -0.0421226457783 -0.203914059366 0.341705296832 0.132987147552
10 110 0.198946331553 0 10000000000000 0.587340521496 0.579912265212 0.935712224217 0.6448483128 0.0785200516092 0.570708180189 0.262301500114 0.501580030115 0.892826775978 0.607534812687 0.172701007568 -0.197183960309 0.427543621804 0.362981922175
11 121 0.191406148808 0 10000000000000 0.695162308347 0.510086623269 1.04549940854 0.369200014912 0.215326499577 0.533165334644 0.582392085779 0.547385860622 1.07729898825 0.672322221902 0.305778642177 -0.195277201047 0.284766607442 0.325532817501
12 132 0.172224173216 0 10000000000000 0.831466061631 0.406916292967 0.79675194994 0.378362741277 0.293911018218 0.49480983311 0.58239598551 0.451949284396 1.02025706449 0.244980189374 0.443984130865 -0.11037795013 0.177117448866 -0.0482061173049
13 143 0.160541768301 0 10000000000000 0.622278133425 0.360443128914 0.555674961277 0.042541229475 0.563864908127 0.446109779085 0.598134672577 0.525067537148 0.813220108711 0.561682213352 0.565774718297 0.118259001792 0.284536904649 -0.0291087486496
14 154 0.156283434238 0 10000000000000 0.619366695545 0.642489068478 0.7927108211 0.277405356441 0.36141885027 0.604224651851 0.222159363983 0.544882332077 0.923853575649 0.380169494233 0.487168026765 -0.351286734348 0.151683333236 -0.39941413162
15 165 0.153162222602 0 10000000000000 0.754290600647 0.631801960175 0.593273894279 0.475740865868 0.29811209446 0.61346743801 0.346362687148 0.59328451517 0.957499111545 0.48330193643 0.805794394306 -0.061503273739 0.0499145172671 -0.197661813848
16 176 0.152261003228 0 10000000000000 0.828513715008 0.435936522557 0.699957221235 0.18569960345 0.375004173838 0.413102116848 0.408366984912 0.475040631467 1.00338044844 0.534671312714 0.954434706056 -0.0270082438558 0.309993583137 -0.273119222469
17 187 0.153071300851 0 10000000000000 0.671188662479 0.488585474603 0.580463322932 -0.117677739766 0.469488092376 0.36115247879 0.489572344357 0.518755475361 0.806379423851 0.343761025232 0.743754086887 0.0434981885016 0.283969787094 -0.372388128152
18 198 0.156373113519 0 43.189779606 0.624100271818 0.459869521021 0.788102052164 0.168781178172 0.354948256065 0.333070646499 0.420727554139 0.935766740692 0.864319498327 0.0334436123993 0.783568232124 0.286836554686 0.283716595248 0.150966014827
19 209 0.148163571592 0 10000000000000 0.790704809159 0.378860962277 0.69204765107 0.0868755004564 0.291136665251 0.320200812776 0.443235456405 0.47441454372 0.844628200733 0.148798125856 0.711254663816 0.0305292909297 0.238098813307 -0.101135230376
20 220 0.144563072988 0 10000000000000 0.551620713552 0.176643309687 0.571834461735 0.131400522203 0.506940287843 0.195685549968 0.518636234968 0.62703513006 1.12033788896 0.0857498198093 0.815213567051 0.127112624949 0.181363927302 -0.243241419469
21 231 0.147552878798 0 10000000000000 0.799070101361 0.0654253969152 0.659555493668 -0.0398602889094 0.615093732738 -0.0623167169143 0.547571467875 0.744915523096 0.758758406942 0.128161620343 0.649178868103 -0.0956518768865 0.19979381494 -0.113475508105
22 242 0.148672874671 0 10000000000000 0.759511835849 0.19632171901 0.674795276749 0.244895574407 0.700352650201 0.0885661053027 0.612812194044 0.776621036756 0.751087929702 0.29721256854 0.669598128887 0.172599445869 0.18111490414 -0.137942457958
23 253 0.156887355333 0 10000000000000 0.78015609803 0.138222646396 0.578679665653 0.157116661336 0.755096751463 0.0258672564236 0.462944121344 0.395912178988 0.550905260137 0.40375392597 0.408157988434 -0.060112713264 0.416727724822 0.178976861255
24 264 0.164557714323 0 10000000000000 0.550735026195 -0.0948440942406 0.791846993578 0.202492025851 0.50575528386 -0.0356065842446 0.392569462028 0.542131818718 0.747284482829 0.313984393317 0.48439626654 -0.191116275487 0.463902788257 0.259234461555
25 275 0.164456129067 0 10000000000000 0.54349007485 0.00292090898463 0.588255924558 0.0730085868487 0.793336228219 0.247499896156 0.660582620007 0.37121077017 0.343745673862 0.543563014145 0.413198372732 0.0829896237563 0.0274868081042 -0.0364626479333
26 286 0.166443396062 0 10000000000000 0.622736380856 0.0309638226507 0.557662979075 0.0238169795314 0.755682270569 -0.022424853402 0.262330841551 0.397628061365 0.700335100287 0.316667823518 0.273978632231 0.103092836372 -0.0668601767 -0.20968074928
27 297 0.166837447572 0 27.3128364967 0.835501356884 0.0636654042891 0.499006042109 0.248821799504 0.686781619025 0.0121993239808 0.0894052095328 0.680751031074 0.358579243636 0.395722147823 0.421640232293 0.121212931957 0.0235306239282 0.278302912266
28 308 0.171557301606 0 27.2312400095 0.898611267262 0.262234486364 0.297359216578 0.211109707861 0.714164025099 0.163715409613 0.117264927379 0.606925635481 0.317546657672 0.65419459026 0.392908459491 0.140618626286 0.0876718715718 0.372276625644
29 319 0.169318241517 0 27.2297673991 0.862104153991 0.0659532276644 0.389408061257 0.239949818455 0.625769965406 0.155636574025 0.20113425551 0.491438789403 0.350589206808 0.634798804281 0.245856153917 0.202685212391 0.142898916418 0.0777241073313
30 330 0.167823494609 0 24.327411376 0.670783128047 0.38405418493 0.213942498054 0.343556123382 0.808908895912 0.224931925472 0.0431812378398 0.475228113131 0.175582365988 0.598867254033 0.620020765514 0.614996239708 0.0525226406144 0.241798062254
31 341 0.161324999643 0 2.46462390703 0.651334450676 0.269952485389 0.490406701543 0.416547938654 0.76969271631 0.140265264941 0.245877378164 0.434385667728 0.179603662741 0.69828158105 0.272471454145 0.266306834267 0.288730981941 0.344104386255
32 352 0.162119423299 0 0.0792340617664 0.807191650691 0.192195919426 0.547981805767 0.457603782924 0.462338996956 0.213893440096 0.016118065114 0.320748723648 0.502064712704 0.911090571312 0.150128583781 0.0210572830288 0.285606260938 0.255188833007
33 363 0.158106709796 0 0.0158097019652 0.794126963713 0.292047789615 0.627302935394 0.354958519854 0.317576923511 0.257381782397 0.0522821434713 0.410101420039 0.257755064025 0.708837024955 0.187860937 0.0821312897455 0.328202304321 0.244706604796
34 374 0.154512931018 0 0.00470940156788 0.735339621207 0.245090299686 0.659945107574 0.457864203789 0.335755769679 0.414077194685 0.0229819652692 0.254025985327 0.315781078915 0.763295176413 0.215472362476 0.356441998762 0.205200751551 0.224073065217
35 385 0.147215234554 0 0.0229475084345 0.76275181243 0.32133322507 0.425186167598 0.00762297482695 0.323075239408 0.292641292307 0.158794696536 0.449288982839 0.361099325292 0.565210756368 0.283844975754 0.180991321936 0.142748244812 0.186083790393
36 396 0.148207517391 0 0.00400420798441 0.864512978363 0.454496484153 0.485688257237 0.237295394812 0.323150937882 0.432658808683 0.173437286706 0.182688960704 0.453646053202 0.705528183466 0.167676169561 0.185904481319 0.0390619231655 0.298224268886
37 407 0.140857307155 0 0.00417706103618 0.786822908578 0.304204066719 0.440379042963 0.196360097066 0.168340007646 0.212044713456 0.058423780923 0.328626591586 0.253918789573 0.623479711465 0.295362926014 0.192101689401 0.170007541827 0.173394896506
38 418 0.139775853973 0 0.00391269754073 0.919464439315 0.10785387894 0.440333070088 0.341598143799 0.140555050453 0.29621071717 0.332636112303 0.200521910051 0.0906282817007 0.740247525541 0.200965214064 0.233689485313 0.210946711107 0.419998809434
39 429 0.137953609043 0 0.00451505980705 0.915913968383 0.301014426996 0.625244487734 0.220898566013 0.0836659772631 0.402287179956 0.267119279953 0.403752366491 0.0564838728417 0.745682280435 0.0593147488274 0.17033670589 0.182743606219 0.405291393644
40 440 0.12854110828 0 0.00389873819504 0.730493083389 0.361014863551 0.572514883449 0.133514902687 0.230560579114 0.448557618241 0.125829445719 0.126248230438 0.0199351438254 0.635046471198 0.118914702462 0.282718232326 0.130967829685 0.374252079747
41 451 0.11905389713 0 0.00400658098739 0.887650271645 0.41523096906 0.497860764957 0.454955085982 0.267165353246 0.544787088341 0.000228767748866 0.295864050865 0.116571487949 0.717563947552 0.0675558079516 0.217627678911 0.136562256642 0.451332313097
42 462 0.106107200387 0 0.00408616679138 0.834789453565 0.350856652487 0.540632329649 0.205533557374 0.216590119253 0.459150630051 0.0861730576481 0.230916842672 0.0205099115171 0.774535750452 0.178610550553 0.254043374925 0.169227928972 0.469851516399
43 473 0.0953347266897 0 0.00414463240075 0.821948281735 0.260615327847 0.578124551644 0.40107265718 0.0563357816208 0.516605724011 0.274302883399 0.276939317454 0.154711704793 0.784927935963 0.15541582485 0.265862981162 0.272830092484 0.467398742062
44 484 0.0886755226258 0 0.00410363360467 0.73954028878 0.291886778568 0.533825614311 0.27932526248 0.266573540131 0.549272318631 0.164020977564 0.222909593591 0.241027328714 0.86829907532 0.0455760655101 0.0777125386187 0.274094183071 0.487287767864
45 495 0.0881683787606 0 0.00394639802312 0.717262247243 0.17741187493 0.530534991471 0.0945174657737 0.34673386061 0.378551810357 0.14790474763 0.24807585233 0.125181772282 0.880952121745 0.0522731264823 0.208431352608 0.134179441171 0.454265211197
46 506 0.0847425781823 0 0.00392627008489 0.847547629539 0.293084304821 0.40719899822 0.201495554435 0.354315590852 0.417367476819 0.118691491814 0.198775436566 0.0419362897015 0.966853525834 0.165201235503 0.171762597216 0.147838950021 0.499701640159
47 517 0.0864588394394 0 0.00397604114986 0.74741858131 0.0182463091844 0.373571644047 0.293530022932 0.322050626462 0.343019744996 0.250440348124 0.268064262887 0.117792694973 0.792341971596 0.259475375934 0.13997985873 0.218330412867 0.349195702578
48 528 0.0860965563622 0 0.00402682189372 0.806136813013 0.170328772802 0.466083294203 0.296039923729 0.249836130661 0.560988615777 0.145613301533 0.198897290311 0.192678340949 0.773689290467 0.116632475407 0.0757764918103 0.277294631207 0.308935744337
49 539 0.0837793207516 0 0.00387746300522 0.858369843587 0.188383593521 0.445812322115 0.275550407874 0.265899090894 0.381976399917 0.259600467781 0.241040685723 0.105160387652 0.664983925622 0.322981171986 0.0339727605743 0.16997910408 0.216413420558
50 550 0.0833157396629 0 0.00384398309224 0.968687624522 0.146862823537 0.443856944851 0.139794410375 0.258733457155 0.414028738932 0.152909808239 0.0926975229274 0.0155796529616 0.774595993291 0.323895948464 0.126154658136 0.149516127399 0.174094358615
51 561 0.0847697579691 0 0.00371732371022 0.825111993662 0.0945816367226 0.432961360417 0.247224618234 0.211455156833 0.371197992038 0.139410635295 0.056001289993 0.113909764927 0.796215226494 0.151801073777 0.0512828758243 0.172859556444 0.181754766358
52 572 0.0855624251895 0 0.00384338862137 0.797797576209 0.231591476878 0.358796663921 0.169803771279 0.28364058988 0.358024000948 0.324761370056 0.0844654598265 0.0982499351912 0.738233141244 0.158149312967 0.0991245911048 0.250815904893 0.238892377115
53 583 0.0839304956961 0 0.00372739251793 0.688396502025 0.163317756615 0.394582023124 0.0821760449404 0.157832221295 0.279324389806 0.13026819616 0.110817202584 0.18030697773 0.792922016667 0.179894895563 0.0839212853954 0.187664373346 0.152374155807
54 594 0.0851983589151 0 0.00377664268228 0.713770545466 0.092290281733 0.472763973768 0.158790298539 0.262017143431 0.328633073295 0.100747136502 0.228256258658 0.23318870956 0.736709225388 0.119121820617 0.257621435529 0.171811917419 0.0551213326634
55 605 0.0825910809462 0 0.00384227065248 0.80074375577 0.228463172628 0.465346016096 0.155684447412 0.295022176513 0.274020131871 0.199127090638 0.156285673116 0.144276138343 0.684275738951 0.162349584324 0.141530245239 0.0557518752627 0.0438362716567
56 616 0.0802327197979 0 0.00381245814748 0.78812131147 0.0802146006897 0.386345595678 0.139603139006 0.313434109177 0.281209114451 0.23377073479 0.210924832019 0.29704597331 0.656643672922 0.246471468905 0.0973591062283 0.196278009413 0.0681097783895
57 627 0.0773925273178 0 0.00376108581503 0.76388373622 0.152735912787 0.300298046433 0.13359104813 0.293917588405 0.343612870551 0.188719438378 0.00827275885601 0.213298444625 0.671889438995 0.253548003972 0.1994940185 0.0983283226089 0.11943595028
58 638 0.0743437085216 0 0.00377979926525 0.827879744479 0.184001031238 0.437506589381 0.260191901532 0.228340323565 0.297023288932 0.187404235761 0.155982724609 0.188522353229 0.624764712363 0.266033760798 0.110962585179 0.0709985747036 0.162196817273
59 649 0.0716043343502 0 0.00371725852349 0.772044302867 0.217683501706 0.285614831198 0.238238124484 0.243308624 0.27325426107 0.109816994623 0.0309068802396 0.162939806547 0.731615668702 0.169779351255 0.10614838822 0.167327756408 0.173107051085
60 660 0.0680616848243 0 0.00376004391467 0.72885200474 0.218768344919 0.356128696451 0.239247712991 0.303868804032 0.184980646689 0.0820440716807 0.0897191257123 0.269024422929 0.68564489733 0.210224535195 0.0760676038776 0.170251955336 0.0810871169187
61 671 0.0684534364322 0 0.00378542816616 0.740868912459 0.166187023625 0.375161571299 0.288034890153 0.263417083161 0.0813536103459 0.068932444883 0.110050415852 0.164083704578 0.750475079046 0.0790151137848 0.108908677538 0.187102674687 0.245525519871
62 682 0.0682464062649 0 0.00377074217519 0.683111333045 0.190785640751 0.336870441942 0.237486590543 0.329263126387 0.213182200795 0.0719900580681 0.112125264509 0.0683641171446 0.739488685346 0.11864961998 0.106658990738 0.184696733057 0.156366197054
63 693 0.0657356311378 0 0.00370589407632 0.734051102843 0.174692142534 0.332441788779 0.182015040591 0.311319877466 0.0522915665803 0.214019751896 0.0747338693893 0.0531843281197 0.620191098797 0.175249348598 0.120982612118 0.318017081864 0.14290092203
64 704 0.0646561287612 0 0.00379805314956 0.758509443244 0.176046654442 0.265808278919 0.199087265184 0.371538336402 0.131860967803 0.160278740922 0.0660472868758 0.185361084681 0.675050063517 0.174633126842 0.0210254946936 0.354286949581 0.299659984402
65 715 0.0602327916039 0 0.00374413616576 0.730200588061 0.120853784526 0.350114271925 0.149111838629 0.2484718555 0.197630656773 0.17492088735 0.0267383995145 0.0900987885946 0.793642181163 0.174056176541 0.0813939879418 0.294841340739 0.198961664157
66 726 0.0566500712024 0 0.0037368691586 0.748156088366 0.205064771171 0.366215843177 0.298941728439 0.284486366757 0.170843873803 0.117673981715 0.105236010446 0.1523542958 0.755058394645 0.152428354262 0.110022010364 0.329609991633 0.240978064676
67 737 0.0539269750453 0 0.00372421098813 0.736628502188 0.242291272834 0.420863644836 0.142711779736 0.316760420068 0.237358446098 0.141433220705 0.113287428695 0.103435749139 0.758926136619 0.159321688739 0.10407385996 0.336567311879 0.241823634957
68 748 0.051701023452 0 0.00376469794826 0.731961552814 0.16988685498 0.310448821292 0.18967485596 0.285088442626 0.224498607585 0.208424021645 0.0969658823797 0.0379156143015 0.669627050408 0.129499414349 0.169996961539 0.355309451338 0.171818602196
69 759 0.0510903493827 0 0.00367060456055 0.693219273109 0.141439259123 0.321945277043 0.152727551546 0.283960457715 0.134564546342 0.157898026051 0.118681424787 0.0137203762736 0.62997520369 0.130593442745 0.167608559184 0.345982715568 0.215306530465
70 770 0.0490907211276 0 0.00366987777575 0.751835207508 0.121147144846 0.397937305181 0.149933465848 0.305080754134 0.134806095057 0.203356868043 0.0248752187481 0.0155760601783 0.673182963305 0.128485935348 0.0908997019961 0.311904040388 0.222396868623
71 781 0.0454994795159 0 0.00370787568819 0.711567067272 0.100949885469 0.364359645191 0.14259801957 0.298615423877 0.195073518321 0.191653673466 0.0506397500386 0.097424729551 0.734578768188 0.205311105346 0.0954375421316 0.290738119762 0.0789691548545
72 792 0.0446646757258 0 0.00372029854173 0.716899799849 0.138131607335 0.294015640227 0.117228526361 0.32093671551 0.126956635242 0.198041485696 0.00884938294041 0.0843351127491 0.715962128653 0.153268588306 0.137834677754 0.335455419353 0.102792742771
73 803 0.0446590950623 0 0.00372286217665 0.767556949395 0.147254784497 0.392474494306 0.0385930661843 0.317908926648 0.217890249651 0.216101302436 0.04100543154 0.0720412316843 0.675418361497 0.139932918217 0.074241788538 0.29643779648 0.0430270916785
74 814 0.0432730392387 0 0.00373397378504 0.77001187052 0.233501507435 0.355613211643 0.097309355709 0.311239384316 0.24380824483 0.222205843839 0.0300492582817 0.139397059069 0.673519817606 0.163813112941 0.0831613522855 0.288531638858 0.0550357321518
75 825 0.042748458873 0 0.00373528736254 0.779784046848 0.192198322209 0.347833416754 0.117858310459 0.319901772445 0.172427626615 0.183268902728 0.0252484308699 0.0767848170858 0.66593769142 0.196607676554 0.0674612976593 0.292424968932 0.032056905
76 836 0.0422930055724 0 0.00380561112315 0.747967978677 0.180111446054 0.329098888304 0.0681460667907 0.360868858858 0.198766691346 0.18950324882 0.125552894013 0.0459544735156 0.603721100911 0.187575969447 0.0889576334126 0.328428836415 0.0393551895898
77 847 0.0427132955406 0 0.00370771416907 0.693320759835 0.187293549862 0.313051960736 0.0949587204602 0.389665772536 0.157770654418 0.0946985191646 0.0365629669247 0.00574196192659 0.654693691733 0.181933034373 0.135765326504 0.312835533734 0.111297358081
78 858 0.0433770451747 0 0.00374711984985 0.690661637533 0.223941471492 0.342198501096 0.0352973060532 0.359873891875 0.132290296761 0.145970376463 0.0161386443766 0.093142686628 0.622103899096 0.13749026021 0.143906948663 0.273470021327 0.0577623736792
79 869 0.0452574709716 0 0.0037033580435 0.702549581035 0.302709467392 0.301496730945 0.107514856108 0.314183165893 0.191989125612 0.0987273119537 0.143605109636 0.123452563176 0.594510681743 0.175064570468 0.135017603581 0.336463713002 0.106143992411
80 880 0.0458519077645 0 0.00374029490757 0.644598064196 0.267898755343 0.329506548787 0.0704155407398 0.328398957685 0.132900171451 0.120438733264 0.0853001099535 0.155115624341 0.594483468293 0.208672615228 0.108015558977 0.300131646914 0.0663253185615
81 891 0.0465380585979 0 0.00372705379079 0.718579169059 0.282683075222 0.323549270738 0.0791827791952 0.312207327199 0.212179914733 0.134585786738 0.0757038906249 0.20618009971 0.585972674627 0.197704929464 0.133790158829 0.221629768626 0.0641973473137
82 902 0.0475234438976 0 0.00366140573125 0.684440546842 0.288720323812 0.314470124989 0.11203706507 0.281122337501 0.144166550503 0.128192498795 0.0939462256576 0.200393801609 0.602795606757 0.17578089899 0.147414533876 0.209766474327 0.0727099332155
83 913 0.0458511094342 0 0.00364110038433 0.709294117539 0.179905535823 0.297801139556 0.171905770178 0.245267853843 0.10849926196 0.146537049758 0.0515418029489 0.193363558704 0.605545449204 0.225788014733 0.143238715987 0.285156037897 0.0666148580349
84 924 0.0446669957856 0 0.00371296170562 0.699726403115 0.176136539171 0.314447063452 0.0847507177553 0.266622361896 0.0858612105791 0.162337119731 0.0632274858969 0.144051090715 0.538255513878 0.180545234916 0.0829979971889 0.318066675698 0.0520042860272
85 935 0.0427541500762 0 0.00367106414121 0.69772061938 0.160410884912 0.300427083563 0.0895343593309 0.328644497665 0.164777726388 0.162836329869 0.0715244735306 0.276500467074 0.615432354655 0.209178623593 0.083616480529 0.219713572147 0.0436344537833
86 946 0.0422033106701 0 0.00364430139708 0.725303712865 0.143684891238 0.277572093982 0.106240229461 0.2903167013 0.106532351126 0.191545253666 0.0269140915028 0.125525292874 0.566746767666 0.231407223981 0.0685888524964 0.26921060392 0.0189708885035
87 957 0.0420922383419 0 0.00368382882708 0.736379674186 0.114030772727 0.321204656992 0.134833321218 0.249188814399 0.157178652294 0.168863756989 0.0413552947918 0.274603303064 0.589529137167 0.258129686031 0.105771100934 0.184426060164 0.0206844447862
88 968 0.0414089558543 0 0.00368175447385 0.708959433418 0.13810130696 0.276217615392 0.0826530234811 0.26402529178 0.137535394479 0.128757573002 0.0600581778942 0.239123828334 0.545947439312 0.201311480011 0.0656422513296 0.223892905662 0.0888910584479
89 979 0.0404121353366 0 0.0036820466915 0.711856533158 0.172141875058 0.221594357744 0.141458994779 0.326456124948 0.121888391446 0.172865784269 0.00917443260783 0.134646664848 0.624272357969 0.175414682772 0.0544667263934 0.207595620232 0.084808440254
90 990 0.0425113508816 0 0.00368180442023 0.658709430414 0.147797890209 0.202040193717 0.0673152274388 0.316505417786 0.052846331151 0.156036326104 0.015672661321 0.191064848639 0.565662271209 0.216212816945 0.0517021506208 0.212687424707 0.00155789767305
91 1001 0.0451390147691 0 0.00369248437063 0.581763158173 0.190784077695 0.198301828045 0.0227547142785 0.360044916466 0.0840160468545 0.140531193413 0.0378117520769 0.169771018671 0.571979998031 0.161464760423 0.0443119562821 0.259632300335 0.0467993895207
92 1012 0.0427939288987 0 0.00367539946038 0.63923782924 0.122029550818 0.276580448935 0.142145354187 0.332465353076 0.105138565097 0.190616707951 0.123424468374 0.187112574039 0.591096879002 0.23466227945 0.116039572822 0.230365067838 0.0818214499387
93 1023 0.0420049105037 0 0.00368578485128 0.589440238835 0.108320270569 0.234027016559 0.0983254439303 0.312063864792 0.0544270518819 0.167220932164 0.116655547207 0.211223130768 0.54273813657 0.191535895473 0.119695927404 0.182753306606 0.0541488849401
94 1034 0.0441054451026 0 0.00363077627154 0.618218894575 0.129556414223 0.285952668811 0.093566009997 0.273203673115 0.0471015306331 0.165942883706 0.0530223835801 0.328054830911 0.521064468346 0.320450865841 0.125329899052 0.142520983914 0.0419544874819
95 1045 0.0468903650578 0 0.00363518439063 0.63577592071 0.126950339034 0.245897543973 0.0286113602588 0.275261282363 0.133233140511 0.218022612608 0.0525412559447 0.237477845988 0.497576877112 0.255047412948 0.0910046105014 0.13060175585 0.0491363813873
96 1056 0.0497635983947 0 0.00368290685547 0.581034659711 0.22818336122 0.220405410465 0.0470049846452 0.340330832781 0.118349229859 0.260644843676 0.0472559358665 0.273768645944 0.4627759553 0.277318534872 0.141853253912 0.150860330505 0.0463552631649
97 1067 0.050745427811 0 0.00375898555313 0.594700576419 0.233389678182 0.258077076599 0.0573687284005 0.2412857373 0.0816321293237 0.246968610859 0.0274133991868 0.330586377569 0.465967399823 0.327351718335 0.0555665177666 0.142114942598 0.0383261689544
98 1078 0.0487628405885 0 0.00365606854998 0.612327567224 0.162077033757 0.218669025381 0.0487854396061 0.297504875424 0.0871813289698 0.225438274257 0.0610164208171 0.314555685775 0.547869795757 0.286840121198 0.0789737953884 0.0960816265434 0.00978481234226
99 1089 0.0465491671491 0 0.00364510573681 0.605522440304 0.150140083319 0.303927217019 0.0335202360301 0.322991853249 0.0790486767512 0.199578623523 0.074381919593 0.246911307461 0.523292956915 0.316610954498 0.0609360461216 0.162306192815 0.110350050195
100 1100 0.0447125192063 0 0.00367196226476 0.619445034391 0.193634101022 0.305258615305 0.0465814173311 0.251695282025 0.0879234763107 0.245264156427 0.0459670587544 0.2540214048 0.528756611153 0.299811142041 0.123031732493 0.172732293257 0.081236616037
101 1111 0.0436065033237 0 0.00363546506318 0.677997298228 0.206958126112 0.297871097893 0.0999410763403 0.286773836687 0.113667817144 0.218954861792 0.0397807144038 0.23519819778 0.498097504203 0.291200255565 0.0618685260541 0.122598262884 0.130042320398
102 1122 0.0437675927176 0 0.00368033965799 0.643577669417 0.222926308623 0.343206007054 0.0601922160289 0.251652336492 0.164303896146 0.29650763031 0.0351620374005 0.299062566391 0.463073492628 0.304455551546 0.0486813808181 0.0509063232909 0.0930910182306
103 1133 0.0450258777923 0 0.00367929326989 0.593636961826 0.231246784819 0.272757897737 0.0863413103116 0.309400848445 0.123117956251 0.246739230517 0.00489351853145 0.241037404118 0.444582935542 0.238846554565 0.0326287538516 0.100162518976 0.163830417298
104 1144 0.0459142975086 0 0.00369724716106 0.54872740337 0.213780553657 0.321468694732 0.100828367401 0.259722086935 0.0992848489432 0.281375606339 0.0112042175837 0.23313565236 0.410921470358 0.318184251462 0.0348694491131 0.0771988672745 0.14790854422
105 1155 0.0468037542666 0 0.00373409774104 0.621380330029 0.24001711326 0.335680253136 0.104376776384 0.202530183127 0.166013355955 0.274968810858 0.0196668712219 0.23605253038 0.472389518192 0.332270387188 0.0396078636384 0.0836996272933 0.125071896672
106 1166 0.0486640476011 0 0.00360538690853 0.598679768086 0.214494585538 0.269531020113 0.0580257137096 0.220022546387 0.179563514337 0.358606576932 0.00873364277835 0.216277277302 0.44933434833 0.375363888453 0.0555176241251 0.102476900442 0.042208865077
107 1177 0.0492328544929 0 0.00364342008653 0.627886015734 0.250895116757 0.326244148796 0.144904962748 0.186625102104 0.165149403538 0.301379336698 0.0314844837342 0.187398846919 0.421968880928 0.301944653905 0.0498755644039 0.120058338573 0.154805926607
108 1188 0.0496896277707 0 0.00374084175156 0.588418886598 0.286108108572 0.309282643065 0.0984725210313 0.152170945345 0.206334048177 0.356393174641 0.0473307689774 0.386729153339 0.432693379202 0.377343191282 0.0342475025005 0.0744375917968 0.0743686182794
109 1199 0.0525319912856 0 0.0036675480569 0.621515682663 0.24419942455 0.258024427642 0.0947287386095 0.1295005709 0.106953564452 0.345331704803 0.0537768168777 0.317905451097 0.445742365258 0.354843931253 0.0166432930954 0.0249740470733 0.0912257661325
110 1210 0.0512438303009 0 0.00368413175236 0.68597759469 0.247929675255 0.360582131512 0.0755711259112 0.130294479035 0.159133199805 0.366909654557 0.0254720177426 0.31245531079 0.465306952491 0.326910802986 0.0140725906865 0.0824464331192 0.106908744018
111 1221 0.0490367365051 0 0.00366752625114 0.643122669554 0.243434288241 0.325243864414 0.112543937903 0.149875430784 0.0784123040456 0.301726846598 0.123873122888 0.295832350263 0.450964916098 0.316228309383 0.0381236732248 0.0894410095031 0.142146011257
112 1232 0.0469263458843 0 0.00363491875254 0.642959053757 0.187720081646 0.235539884517 0.0932568838717 0.165420956074 0.0253292105455 0.278905162561 0.0317138232523 0.31158700489 0.526909105738 0.276097573543 0.00447617546515 0.122598408116 0.0569029868119
113 1243 0.0433939078218 0 0.00364643671477 0.656813716478 0.234717716491 0.293108522657 0.110402173828 0.13050240596 0.0785022117304 0.338575741935 0.0710158363937 0.320150359471 0.378958596987 0.362281748777 0.0779447179835 0.0685557393244 0.0921322366963
114 1254 0.0433779122875 0 0.0036990490934 0.666773244015 0.235580814155 0.288427398911 0.0920795039294 0.1651090576 0.0809318561385 0.23611444676 0.100031029545 0.251156476057 0.419430458991 0.360904632251 0.114754682467 0.14681140899 0.143827031507
115 1265 0.0441749590404 0 0.0036660176314 0.671562241616 0.314011642156 0.284213285667 0.0991880757001 0.144005575542 0.107088591561 0.288079419828 0.120476778048 0.214948412478 0.388792002716 0.379681646016 0.0918642558839 0.139501092612 0.171572577581
116 1276 0.0460741952632 0 0.00372125574617 0.614338700081 0.235567460283 0.269023193879 0.118577989706 0.229855601244 0.0425122582411 0.333309451247 0.114027710806 0.223940726586 0.337781898545 0.420545061065 0.165799364601 0.0973545251815 0.0622996072612
117 1287 0.0479314421052 0 0.00369510340279 0.577065540196 0.224785793376 0.30307438329 0.0482002054681 0.23420399032 0.144373527358 0.266743639994 0.15160676229 0.20467940197 0.37250301345 0.340249345741 0.158028131855 0.150016195589 0.128745164034
118 1298 0.0491806486061 0 0.0036446402328 0.574009503204 0.243778852906 0.249920117069 0.0304211372744 0.227903781199 0.0155961807083 0.304535906787 0.195301441753 0.296166645668 0.351625827872 0.355951169708 0.17235045228 0.132277633449 0.102418623432
119 1309 0.0491544541637 0 0.00373841297063 0.699902218421 0.196962354756 0.292209739554 0.0160755636314 0.225832515383 0.0635308710481 0.291300819026 0.145549709297 0.231675863945 0.381090550885 0.322574090818 0.123867533433 0.161389797414 0.144103522543
120 1320 0.0490253346302 0 0.00375152963354 0.620137042337 0.217993532198 0.32171265324 0.0678005470925 0.144917468322 0.0203316051466 0.35720534611 0.202587385072 0.311410760157 0.375241196397 0.374425620276 0.127437769722 0.165379024012 0.158878794579
121 1331 0.0493399546211 0 0.00358760391554 0.695103269195 0.203908158102 0.339027801739 0.0855865564984 0.142537643658 0.0203917939519 0.391961894002 0.162788905026 0.174176935145 0.434288839846 0.292510001883 0.124348070772 0.191589549059 0.191815838361
122 1342 0.0489335514561 0 0.00358419228649 0.662477644303 0.151986847881 0.348453535471 0.0846261512649 0.091926255175 0.00238886425235 0.444447760903 0.15569727905 0.198130610657 0.4174804463 0.263373632511 0.100374583319 0.215780459934 0.122194199723
123 1353 0.0480268953077 0 0.00377950284902 0.605718944307 0.210425149094 0.305048042489 0.0591176723859 0.128813918144 0.0471376202294 0.354392198838 0.095204096889 0.322138471 0.393470511414 0.345102768364 0.0992084401518 0.15226121118 0.142236042461
124 1364 0.0453977230939 0 0.00369882709814 0.672487181814 0.129150588008 0.335815636948 0.0308730430991 0.132923082487 0.0820768389992 0.366330407406 0.0951096952004 0.244205842362 0.420768913016 0.281264115289 0.0605803926463 0.158348309625 0.184581694928
125 1375 0.0471808672918 0 0.00379172976021 0.587469566687 0.142305083377 0.258743109622 0.00439785008249 0.127958907906 0.0993234841855 0.335785180044 0.16762313309 0.308378939234 0.495351443528 0.289240438533 0.0631360051277 0.193748373786 0.177871777271
126 1386 0.045510729792 0 0.00368133350513 0.691736129706 0.182363986745 0.288651609699 0.0101046739092 0.172518028234 0.0652682556968 0.34311586287 0.122321992175 0.289919618584 0.399624350205 0.300633031255 0.0760843175032 0.168821615411 0.17629377418
127 1397 0.0452600354068 0 0.00378185853162 0.66090869684 0.12741100773 0.288281582486 0.0142980606561 0.135318260471 0.0806068044118 0.293529779892 0.100373175783 0.36663944289 0.512580617633 0.240237993673 0.0241344298803 0.154075611097 0.192332198955
128 1408 0.0444151665828 0 0.00367915417568 0.67390367079 0.186914517715 0.25284853724 0.0217991907652 0.0755658142638 0.00359823178733 0.40333947907 0.152943466048 0.329440366865 0.3795585842 0.26085159715 0.0993095735372 0.138056997249 0.180775135165
129 1419 0.0456036065283 0 0.00372289641774 0.672854651524 0.166790142146 0.230074291361 0.0307091360839 0.128129037622 0.0399469433563 0.330001078765 0.0982076745624 0.389156027882 0.478086314678 0.257735239174 0.0599317435856 0.123290291993 0.237002781071
130 1430 0.046611271571 0 0.00375286333997 0.723885401716 0.204750157108 0.28870187645 0.108386649295 0.0860059257836 0.0485568048458 0.356849121966 0.178640908353 0.360731042775 0.382074946338 0.317039816814 0.132681593844 0.135020720093 0.260808164146
131 1441 0.0475508479367 0 0.00356861601125 0.670505774112 0.177509042945 0.305022619911 0.0292162877555 0.102527850314 0.101362808016 0.44175834421 0.141585096429 0.28482520862 0.42795490636 0.299355062893 0.0903295234114 0.098868122606 0.250645678779
132 1452 0.0474396482119 0 0.00357158278588 0.68418583955 0.116853253281 0.313259843786 0.0495279534378 0.159481929514 0.0568891608258 0.412443717535 0.13812239071 0.331255759393 0.508836723827 0.266044463212 0.0990202232536 0.133491916077 0.207389802978
133 1463 0.0490777844331 0 0.00345032646486 0.659715235547 0.135606575667 0.310702549994 0.0277233632525 0.206628333606 0.0768399649936 0.398121622494 0.171193123358 0.369273386288 0.507591521953 0.224462756263 0.128387008167 0.1594444589 0.201305648877
134 1474 0.0481672147039 0 0.00345252328052 0.612563714235 0.13611698775 0.323696911067 0.0193784152217 0.197805894529 0.0942027415707 0.411047953083 0.215474238666 0.303080865828 0.501104346937 0.247222434577 0.142986828604 0.15261651483 0.211788730175
135 1485 0.0469612688189 0 0.00346830301299 0.644814113915 0.160466920643 0.300058327003 0.0173188002555 0.175814415665 0.0476939035003 0.377983199944 0.192094787792 0.354422951882 0.417932872904 0.286709326012 0.173247088725 0.126070349774 0.175941545358
136 1496 0.0462568165314 0 0.00358451075891 0.641093436192 0.203594754279 0.234967155245 0.0386556387334 0.211595019219 0.0625976974311 0.411015849724 0.216250930372 0.392075275792 0.411219254355 0.301301380688 0.124890581503 0.0893542426514 0.232430884884
137 1507 0.045683349863 0 0.00348489920109 0.648265376011 0.134780397752 0.328610838958 0.0228131925559 0.192668822242 0.1060498207 0.469763057737 0.186172546633 0.317618670691 0.386517665226 0.280034319613 0.0835326821437 0.096789351264 0.229142495382
138 1518 0.0462661343072 0 0.00345700013272 0.620188850091 0.166251285655 0.302926219517 0.00584247140167 0.219719222452 0.0706824740282 0.412652678975 0.123350724113 0.325838733175 0.378603981314 0.245513975227 0.144223220112 0.0520450864532 0.208028446623
139 1529 0.0446966035161 0 0.00350054227239 0.638440474451 0.149804287133 0.372428134416 0.0434774899744 0.256543870471 0.139802215722 0.412516682877 0.188048759919 0.342757046274 0.474475080461 0.296798051882 0.126217670663 0.0941608948646 0.212559894482
140 1540 0.0452233188034 0 0.00354557773503 0.64165217347 0.151910407185 0.372514864356 0.0300547011138 0.251582272361 0.107082734221 0.423558834264 0.210560450873 0.330052706447 0.397213322708 0.263339798515 0.127565819329 0.0315785147074 0.305408613694
141 1551 0.0451204233795 0 0.00353095673836 0.621638405662 0.165193632717 0.371789744968 0.0319470006832 0.230922350853 0.167843540386 0.402014608626 0.209208523937 0.278610426016 0.388003779882 0.313314337187 0.115560488609 0.0808122889819 0.279600761456
142 1562 0.0446715042278 0 0.00352062841264 0.599115666051 0.119794968926 0.344104745562 0.0592415944877 0.20292259833 0.10802434477 0.412301402694 0.202637949123 0.282597378166 0.435313983724 0.272107593323 0.124667808981 0.0656554515665 0.315490313708
143 1573 0.0463404266733 0 0.00362401325814 0.640346960058 0.194574565382 0.354362715277 0.0942713480898 0.292700438378 0.0644077517723 0.360591351638 0.228702072004 0.226729581547 0.35834057939 0.298920719468 0.170531315732 0.0292301712667 0.334002490782
144 1584 0.0466354500761 0 0.00351847305981 0.641705318898 0.202403049009 0.355478390807 0.112076949527 0.221724749727 0.0813941265666 0.376502975156 0.249106380694 0.198967407954 0.33663901762 0.357366038267 0.16915643716 0.0840655354109 0.322526140951
145 1595 0.0453017955709 0 0.00355978474034 0.673309962821 0.185997338917 0.292283601937 0.10821341439 0.204800914903 0.0982952095173 0.335215657429 0.225385759448 0.34345826521 0.430877739891 0.300947436484 0.185284017559 0.109942137434 0.295221649453
146 1606 0.0437399155639 0 0.0036488894694 0.688724381645 0.164688354067 0.346218615758 0.0883028952765 0.184063632516 0.122370041407 0.393103554636 0.224599733756 0.277177878247 0.43207436453 0.261165696039 0.118242210853 0.0675118497441 0.317164704648
147 1617 0.0426622154841 0 0.00356231156792 0.70023311267 0.213772065831 0.311261169315 0.0620106668737 0.205697187008 0.113205953186 0.371521848408 0.227468722591 0.29521829788 0.3008180932 0.321522966486 0.174140507953 0.132620048311 0.345880924273
148 1628 0.0424285536276 0 0.00366090505806 0.690289222957 0.161495282496 0.24133652797 0.0392159407339 0.278270870689 0.0300540389326 0.344886970657 0.22486377489 0.308755503326 0.40990588761 0.224287427746 0.194856933959 0.133349928112 0.331526958804
149 1639 0.0430602317919 0 0.00366978196099 0.690142958585 0.115463663906 0.289061904109 0.0017868471277 0.286521257461 0.0804616842875 0.374575204202 0.203626539994 0.28979480459 0.362767000511 0.214104050922 0.130794884428 0.107910964617 0.335657823818
150 1650 0.0445788105536 0 0.00370104059841 0.711343198601 0.0959009206515 0.28722582625 0.0368375172611 0.2628610114 0.0104743252344 0.34428278191 0.181341950116 0.367697061852 0.403665929207 0.207902317285 0.126564283138 0.152688978949 0.323064007011
151 1661 0.0440994058817 0 0.00368681332419 0.699090388557 0.178440067661 0.245328445481 0.087778620748 0.26615941223 0.0115476693221 0.347357289915 0.169605322043 0.397215736488 0.387575895512 0.285330119838 0.181493920484 0.102239973172 0.263224103171
152 1672 0.043811645224 0 0.00346842549844 0.682041011474 0.110092124474 0.255353406527 0.0570270178128 0.236914969852 0.0582648115191 0.355060238124 0.180251207222 0.393969012749 0.355723857234 0.28390266122 0.19160536875 0.0549708051296 0.288544908633
153 1683 0.0427432235043 0 0.00345665487302 0.69995636021 0.122695432233 0.270395250297 0.0457056551799 0.237846504556 0.148149682445 0.351973409822 0.153728454628 0.389017756717 0.376650473836 0.241100412114 0.18097878435 0.131075289333 0.285087417737
154 1694 0.04251620032 0 0.0035296441517 0.642432206483 0.103856385132 0.220804940896 0.0553176743617 0.29668054206 0.0639416834235 0.384303390596 0.154458609271 0.406990150461 0.355654577451 0.266893621025 0.157845579425 0.120291631375 0.231918656713
155 1705 0.0437664220613 0 0.00348119086844 0.623869151664 0.132698730578 0.166594787649 0.0330449047348 0.255213450443 0.0404423788155 0.35842887185 0.188561161931 0.483709112336 0.305877590229 0.245169312235 0.167658734022 0.100122053502 0.214114524924
156 1716 0.044695788106 0 0.00364493882292 0.597851159403 0.0178555041434 0.210403507254 0.0332092248508 0.310805265244 0.0363422817457 0.361666853707 0.159886423217 0.378129447652 0.383137230783 0.181964751011 0.15947275543 0.15089937043 0.251979687025
157 1727 0.0446123755483 0 0.00347104441903 0.603273115212 0.0326976290029 0.239689400171 0.0631401387503 0.255465537991 0.0786177996827 0.385577469844 0.178287645295 0.439517487131 0.467751416406 0.180473907958 0.165071540332 0.12746940218 0.223787010611
158 1738 0.0474745964166 0 0.00361455150328 0.564218060462 0.0728643946293 0.243175385627 0.0417779372287 0.340920872494 0.142988836809 0.398509989159 0.177559383371 0.281496055683 0.45899699178 0.126631493404 0.160723929613 0.170776469551 0.235614981144
159 1749 0.0466462776251 0 0.00343638428011 0.571314188645 0.111809309644 0.285810615826 0.0490336668132 0.221172146344 0.0692405901961 0.376210834694 0.127000677764 0.377070044473 0.433499834208 0.230440209726 0.157614364221 0.180646999013 0.184777027084
160 1760 0.0465698275874 0 0.00355148335385 0.548230092355 0.0866702121358 0.232514942934 0.0642113486931 0.197275535173 0.0389250275613 0.376287831146 0.130494022505 0.368048557511 0.403825830634 0.218531448084 0.128462089336 0.174990954378 0.196410369385
161 1771 0.0458065483626 0 0.00357217197043 0.635065641222 0.0625699082387 0.28691995025 0.0672402091343 0.203364354272 0.0797139368596 0.37815644423 0.204357024074 0.403235440416 0.440800235322 0.180445641573 0.162208061516 0.183858478143 0.185785494177
162 1782 0.0458592912761 0 0.00355996301932 0.601612459228 0.000842117852841 0.263782850543 0.0707033132906 0.304345395586 0.044585141495 0.373111424378 0.193829890599 0.368920374484 0.469698432388 0.181941938933 0.186950280516 0.168439309108 0.168332323488
163 1793 0.0494217829539 0 0.0035408985225 0.570828236877 0.00921899410896 0.253903625359 0.0241166030738 0.255658465118 0.0433102665648 0.340191098192 0.171304739609 0.371956938672 0.531245210507 0.12461212385 0.204925227557 0.278722227208 0.106794660071
164 1804 0.0511814304657 0 0.00339098526273 0.572334741349 0.0790882611847 0.235544004543 0.0848439150369 0.24513737949 0.0688672190234 0.323719069384 0.147259201898 0.452220180396 0.501549059516 0.151929985703 0.21591703492 0.218696993919 0.0382706748604
165 1815 0.0506223183995 0 0.0035953201913 0.542910608617 0.0696499793262 0.262639240271 0.0606854041901 0.217188066085 0.0862459943825 0.321932120911 0.115132857697 0.525947519257 0.496191307715 0.202403084871 0.187417313226 0.209692396295 0.0625300073829
166 1826 0.0497242846771 0 0.00362613093268 0.590123655971 0.097690333857 0.315254976214 0.0847234719273 0.259751448514 0.101927698276 0.339054754088 0.171589078452 0.518289289418 0.531775733545 0.220385833756 0.21129439962 0.202123246613 0.0965119135954
167 1837 0.0477180842287 0 0.00347802018012 0.511600183868 0.022042980051 0.287115536337 0.0320426400881 0.267957930926 0.103225180142 0.371431640032 0.117280976566 0.338521918298 0.478033821429 0.149508057245 0.179972456526 0.174489091539 0.075308407885
168 1848 0.0476533410994 0 0.0034347133532 0.544385130441 0.0189107111161 0.265420261858 0.0499273045601 0.267986533727 0.0984201769954 0.351836774416 0.0875581704534 0.443211570623 0.521716427648 0.227605339168 0.175735636942 0.163087906273 0.0812400445915
169 1859 0.0477600021809 0 0.00337995075785 0.559103526082 0.0424960069593 0.229168636904 0.0941630420819 0.220136074493 0.070480159973 0.352062876954 0.10233433576 0.354262123208 0.50177926396 0.213064856879 0.192841398228 0.179934678981 0.0908171684927
170 1870 0.0486594223481 0 0.00356286298339 0.552957737331 0.113768599143 0.203215591764 0.101532770557 0.229715659817 0.0539503620328 0.312331026074 0.0962150809167 0.342761023413 0.441134692825 0.262759977853 0.225952912339 0.180970270903 0.0722012495985
171 1881 0.0456868204037 0 0.00344953107467 0.522496060195 0.0762076546021 0.221392766337 0.0898589472718 0.250955126421 0.0403648650159 0.36406474961 0.151363220663 0.41729690917 0.44378626353 0.227130508277 0.189936818766 0.190937699414 0.101840099265
172 1892 0.0432020715054 0 0.00348874414727 0.520358732989 0.0687295616133 0.229205287466 0.0585316221207 0.293060945781 0.0275673366192 0.334371493809 0.0975323514062 0.352863286903 0.476869579622 0.243136291981 0.223318789963 0.200428132231 0.0402231802565
173 1903 0.0418181998571 0 0.00342865416382 0.458201983846 0.0900080650492 0.215908432854 0.0828102679867 0.347695253888 0.0462186429064 0.334076075883 0.0934548666081 0.325813970346 0.457452120547 0.244721280206 0.214370677743 0.191447876653 0.0431746037979
174 1914 0.0389429797783 0 0.00345317862004 0.481327395384 0.083494195782 0.184995477667 0.0909052222101 0.285591415122 0.0357699589963 0.317967168689 0.163084778322 0.363100523618 0.439193862944 0.259646271087 0.228693555262 0.207227246973 0.0662025620355
175 1925 0.0389966321219 0 0.00345636951418 0.487721783687 0.0691076712847 0.125673760869 0.0631643953466 0.289337891263 0.0500698932631 0.335906064249 0.122563196374 0.457547618462 0.441143911882 0.26506201866 0.197733028022 0.140240232486 0.0485274826237
176 1936 0.040707294532 0 0.00341751243954 0.497471549679 0.124626442182 0.170838952258 0.0742349546435 0.33170010053 0.00583651501683 0.296490824713 0.13521148272 0.282436320699 0.426617333063 0.340468515333 0.246772194311 0.165316561055 0.102014269161
177 1947 0.0424345996979 0 0.00359442039281 0.443495835821 0.116629601653 0.114726712012 0.0786895548256 0.34857914286 0.0113268955599 0.309651539173 0.151399907752 0.283073231817 0.36536765981 0.336072122515 0.227508556781 0.138804132977 0.0896329733619
178 1958 0.0439614554052 0 0.00346833167206 0.387521480364 0.0910593419401 0.208888561234 0.0810188412711 0.32171463228 0.0656128570281 0.372008016023 0.136863879532 0.254776048406 0.408492339089 0.330209219831 0.165095547784 0.213196788853 0.036494917715
179 1969 0.0430271090629 0 0.00352651814873 0.459579870582 0.151500424571 0.158345458583 0.0562728634544 0.325863221567 0.0322282285985 0.315755163744 0.134347815945 0.283699422297 0.346631673761 0.389696484907 0.235875655566 0.156560978761 0.0261223086884
180 1980 0.0410162505061 0 0.00356436251768 0.467709851995 0.0767769178005 0.197765354452 0.102566422074 0.273126919103 0.0473295411603 0.34396771704 0.167692664847 0.246712126297 0.408329965675 0.27616213236 0.218417803617 0.179103676509 0.112335228268
181 1991 0.0409044865121 0 0.00337170075374 0.523578217949 0.126250035626 0.167502399273 0.107247845132 0.226847759311 0.0635048210651 0.339786542213 0.126989508642 0.375574718933 0.400216456786 0.363661276322 0.207566320299 0.156954468508 0.0493706428442
182 2002 0.0388256170916 0 0.0034987399554 0.504472213644 0.14275162661 0.179491755637 0.10223592979 0.228687217666 0.0311658461636 0.322226932296 0.146928438278 0.318569403329 0.421457522444 0.34053911744 0.204998648594 0.148588356657 0.115603032922
183 2013 0.038752248542 0 0.00344547259513 0.436566074618 0.0667849805744 0.171957907013 0.0861130940347 0.34930560727 0.0740763401528 0.338861474355 0.132051356812 0.264534574385 0.364873341906 0.330364271493 0.214661993472 0.0989125665075 0.115502936698
184 2024 0.0371188041094 0 0.00350629841511 0.495960711666 0.111401956726 0.161938411225 0.0848967136639 0.303848842695 0.0447013801735 0.31114178963 0.134034598344 0.271275353418 0.456123874523 0.328196811361 0.232696689431 0.143940429973 0.0947236169903
185 2035 0.037274638794 0 0.00355828868909 0.482026197425 0.141012072625 0.172379864466 0.0783267206158 0.30063125835 0.0941494968533 0.332267755658 0.151207844805 0.21351105383 0.37581592193 0.40984824892 0.210923952615 0.112692352561 0.067130177445
186 2046 0.0362037630852 0 0.00346139553736 0.467439979765 0.114130238499 0.212058246566 0.0700863212991 0.282840088564 0.0631211576136 0.315333964795 0.145408009924 0.353307395864 0.399335474256 0.390673506246 0.219618200629 0.120828827188 0.0105375647568
187 2057 0.0352739578132 0 0.00352436214182 0.474730680741 0.124460437472 0.16019885006 0.100746057931 0.231943787203 0.0423227469521 0.315590243578 0.145921247362 0.317882616725 0.386292472177 0.410297827373 0.209663355787 0.100757477914 0.023305171007
188 2068 0.0344270663607 0 0.00345670756929 0.50729587701 0.12768600244 0.221954601143 0.0470304116552 0.279553226585 0.0904989906572 0.354752096656 0.136792349918 0.306963315859 0.392806383636 0.366364013478 0.173870756858 0.173170232872 0.0331355125851
189 2079 0.032823039899 0 0.00347646140298 0.479903768755 0.0935601899799 0.239839017361 0.0716750487309 0.297874063866 0.0911791947858 0.347949621664 0.136634133486 0.331755196692 0.426341196903 0.325175985301 0.203134781269 0.192974937644 0.0248430815388
190 2090 0.0312195343293 0 0.00340768565008 0.450797460101 0.0804069137089 0.201861903079 0.0668418217505 0.333775879965 0.0371162818184 0.318840449474 0.162495378247 0.323999616826 0.415250353089 0.328690004739 0.222449392196 0.184438585979 0.046254810671
191 2101 0.0290573409278 0 0.00347086682336 0.481466355607 0.107468922397 0.21920322163 0.075065730094 0.298123220887 0.111153792648 0.335999733345 0.149648175013 0.314874473369 0.426368555844 0.337633724281 0.192491278673 0.183370538323 0.0160808873415
192 2112 0.0265143902589 0 0.0034083927629 0.474890905231 0.121588129831 0.226294627349 0.0684578545999 0.290070724912 0.0666821810849 0.344662671595 0.148846019075 0.307787585809 0.387560991197 0.353128177194 0.195901500168 0.1932324731 0.0288985372952
193 2123 0.0257102607282 0 0.00349202008705 0.451146851033 0.12850950039 0.209300290858 0.0694396619202 0.299347700923 0.0735253706869 0.347581811709 0.165724865375 0.340538885269 0.389872138611 0.337503561544 0.196429377128 0.209740086342 0.0153774622066
194 2134 0.0251921611739 0 0.00348626809209 0.430662437606 0.0763419272395 0.203645112786 0.0423295747859 0.322723969318 0.0807906368403 0.348500687756 0.14251560108 0.344181170298 0.408553188595 0.321916610309 0.202182768026 0.185942512711 0.00866196108314
195 2145 0.0243962651651 0 0.00344431864794 0.425915992305 0.050687307921 0.213836219881 0.0650265146244 0.367194818397 0.105801380968 0.346040353812 0.135224454316 0.318875377261 0.449506110449 0.313040541193 0.196691630362 0.162095512103 0.00819612227569
196 2156 0.0239289636436 0 0.00345045471178 0.410052261971 0.0704081035816 0.216919555288 0.0342945092443 0.348228317469 0.122844762452 0.353680350704 0.144702024683 0.317484314964 0.438683728947 0.290860010249 0.190043227855 0.17646685383 0.00846850082458
197 2167 0.0221591475912 0 0.00348476715223 0.423668805513 0.101217495686 0.207049494459 0.0624770187164 0.322354181705 0.0899449358905 0.340478630593 0.175962010995 0.318764855787 0.40598654358 0.320305564343 0.211429066018 0.200709133375 0.0272274050601
198 2178 0.0228794861897 0 0.00345145982374 0.400655425797 0.0852202017044 0.216717817556 0.0526849054962 0.347024725329 0.127117616896 0.331694473863 0.159504158272 0.297334906316 0.401369566367 0.320140575643 0.214707394212 0.18711003456 0.0147101731282
199 2189 0.0225833898112 0 0.00348499308098 0.438289264225 0.0903996592183 0.232683861293 0.0619496448413 0.30886246597 0.132550275389 0.347554400365 0.154253935821 0.294530697156 0.428913581955 0.293600375127 0.208466341588 0.197620254899 0.0484403221715
200 2200 0.0216130233001 0 0.0035308476331 0.419769217375 0.0988783699219 0.212069048375 0.0547011232853 0.338261728185 0.127003693563 0.319957655785 0.176221313416 0.319586193254 0.40788440388 0.304438214582 0.207721166763 0.198216302884 0.0424240310871
201 2211 0.0211621346088 0 0.00353327373447 0.405715271154 0.109084697958 0.214752026488 0.0486138826768 0.366785233552 0.142009980026 0.326977930529 0.166147674912 0.252717695625 0.386387268619 0.319148703629 0.220471680502 0.233781913484 0.0262989858955
202 2222 0.020797216147 0 0.00344919596027 0.434952214768 0.0775664756645 0.258505151161 0.0548850828679 0.337722333899 0.140847249057 0.345425938973 0.168497522175 0.284014024224 0.430684342506 0.314458706118 0.200678204927 0.182232789465 0.0408780501388
203 2233 0.0214341073423 0 0.003430644236 0.398875102111 0.0784464236463 0.24133914294 0.0784895518357 0.358482035524 0.168230222397 0.329133524951 0.170182182173 0.245944971611 0.418622146673 0.313060078515 0.211024524448 0.196003323492 0.0376351757249
